Index, Movement Mode, Trial Type, Time, X, Y, Z, Flags Collected, isFiring, Fire Count
0, directional, FreeMode, 64.54, 0, 0.15, 0, 0, False, 0
1, directional, FreeMode, 64.56, 0, 0.1468757, 0, 0, False, 0
2, directional, FreeMode, 64.58, -2.376653E-06, 0.1420282, 1.828342E-06, 0, False, 0
3, directional, FreeMode, 64.6, 1.713266E-05, 0.136238, -6.41526E-06, 0, False, 0
4, directional, FreeMode, 64.62, 8.048739E-05, 0.1295675, -3.564899E-05, 0, False, 0
5, directional, FreeMode, 64.64, 0.0002067193, 0.122078, -9.528365E-05, 0, False, 0
6, directional, FreeMode, 64.66, 0.0004121272, 0.1138298, -0.0001933293, 0, False, 0
7, directional, FreeMode, 64.68, 0.0007104645, 0.1048821, -0.0003364973, 0, False, 0
8, directional, FreeMode, 64.7, 0.001113119, 0.09529269, -0.0005302982, 0, False, 0
9, directional, FreeMode, 64.72, 0.00162929, 0.08511847, -0.0007791359, 0, False, 0
10, directional, FreeMode, 64.74, 0.002266154, 0.07441455, -0.001086399, 0, False, 0
11, directional, FreeMode, 64.76, 0.00302903, 0.06398958, -0.001454546, 0, False, 0
12, directional, FreeMode, 64.78, 0.003885109, 0.05402601, -0.001865901, 0, False, 0
13, directional, FreeMode, 64.8, 0.004761416, 0.05080819, -0.00228165, 0, False, 0
14, directional, FreeMode, 64.82, 0.005627186, 0.05016178, -0.002691452, 0, False, 0
15, directional, FreeMode, 64.84, 0.006476999, 0.05003279, -0.003093519, 0, False, 0
16, directional, FreeMode, 64.86, 0.007310087, 0.05000657, -0.003487637, 0, False, 0
17, directional, FreeMode, 64.88, 0.008126567, 0.05000132, -0.003873891, 0, False, 0
18, directional, FreeMode, 64.9, 0.008926728, 0.05000025, -0.004252424, 0, False, 0
19, directional, FreeMode, 64.92, 0.009710887, 0.05000007, -0.004623387, 0, False, 0
20, directional, FreeMode, 64.93999, 0.01047936, 0.04999995, -0.004986931, 0, False, 0
21, directional, FreeMode, 64.96, 0.01123247, 0.04999995, -0.005343204, 0, False, 0
22, directional, FreeMode, 64.98, 0.01197052, 0.04999983, -0.005692352, 0, False, 0
23, directional, FreeMode, 65, 0.0126938, 0.04999983, -0.006034516, 0, False, 0
24, directional, FreeMode, 65.02, 0.01340262, 0.04999983, -0.006369836, 0, False, 0
25, directional, FreeMode, 65.04, 0.01409727, 0.05000001, -0.006698447, 0, False, 0
26, directional, FreeMode, 65.06, 0.01477802, 0.05000007, -0.007020486, 0, False, 0
27, directional, FreeMode, 65.08, 0.01544516, 0.05000007, -0.007336083, 0, False, 0
28, directional, FreeMode, 65.1, 0.01609896, 0.05000001, -0.007645368, 0, False, 0
29, directional, FreeMode, 65.12, 0.01673968, 0.05000001, -0.007948467, 0, False, 0
30, directional, FreeMode, 65.14, 0.01736758, 0.05000001, -0.008245504, 0, False, 0
31, directional, FreeMode, 65.16, 0.01798293, 0.05000001, -0.0085366, 0, False, 0
32, directional, FreeMode, 65.18, 0.01858597, 0.05000001, -0.008821874, 0, False, 0
33, directional, FreeMode, 65.2, 0.01917695, 0.05000001, -0.009101443, 0, False, 0
34, directional, FreeMode, 65.22, 0.01975611, 0.05000001, -0.00937542, 0, False, 0
35, directional, FreeMode, 65.24, 0.02032369, 0.05000001, -0.009643918, 0, False, 0
36, directional, FreeMode, 65.26, 0.02087991, 0.05000001, -0.009907045, 0, False, 0
37, directional, FreeMode, 65.28, 0.02142501, 0.05000001, -0.01016491, 0, False, 0
38, directional, FreeMode, 65.3, 0.02195921, 0.05000001, -0.01041762, 0, False, 0
39, directional, FreeMode, 65.32, 0.02248273, 0.05000001, -0.01066527, 0, False, 0
40, directional, FreeMode, 65.34, 0.02299577, 0.04999995, -0.01090797, 0, False, 0
41, directional, FreeMode, 65.36, 0.02349856, 0.04999995, -0.01114582, 0, False, 0
42, directional, FreeMode, 65.38, 0.02399128, 0.05000001, -0.01137891, 0, False, 0
43, directional, FreeMode, 65.4, 0.02447416, 0.04999983, -0.01160734, 0, False, 0
44, directional, FreeMode, 65.42, 0.02494738, 0.04999977, -0.0118312, 0, False, 0
45, directional, FreeMode, 65.43999, 0.02541113, 0.04999983, -0.01205058, 0, False, 0
46, directional, FreeMode, 65.46, 0.02586561, 0.04999977, -0.01226557, 0, False, 0
47, directional, FreeMode, 65.48, 0.026311, 0.05000001, -0.01247626, 0, False, 0
48, directional, FreeMode, 65.5, 0.02674749, 0.05000007, -0.01268274, 0, False, 0
49, directional, FreeMode, 65.52, 0.02717525, 0.05000007, -0.01288508, 0, False, 0
50, directional, FreeMode, 65.54, 0.02759445, 0.05000007, -0.01308338, 0, False, 0
51, directional, FreeMode, 65.56, 0.02800527, 0.05000001, -0.01327771, 0, False, 0
52, directional, FreeMode, 65.58, 0.02840787, 0.05000001, -0.01346816, 0, False, 0
53, directional, FreeMode, 65.6, 0.02880242, 0.05000001, -0.01365479, 0, False, 0
54, directional, FreeMode, 65.62, 0.02918907, 0.05000001, -0.0138377, 0, False, 0
55, directional, FreeMode, 65.64, 0.029568, 0.05000001, -0.01401694, 0, False, 0
56, directional, FreeMode, 65.66, 0.02993934, 0.05000001, -0.0141926, 0, False, 0
57, directional, FreeMode, 65.68, 0.03030326, 0.05000001, -0.01436475, 0, False, 0
58, directional, FreeMode, 65.7, 0.0306599, 0.05000001, -0.01453345, 0, False, 0
59, directional, FreeMode, 65.72, 0.03100941, 0.05000001, -0.01469878, 0, False, 0
60, directional, FreeMode, 65.74, 0.03135193, 0.05000001, -0.01486081, 0, False, 0
61, directional, FreeMode, 65.76, 0.0316876, 0.05000001, -0.01501959, 0, False, 0
62, directional, FreeMode, 65.78, 0.03201655, 0.05000001, -0.0151752, 0, False, 0
63, directional, FreeMode, 65.8, 0.03233893, 0.05000001, -0.01532769, 0, False, 0
64, directional, FreeMode, 65.82, 0.03265486, 0.05000001, -0.01547714, 0, False, 0
65, directional, FreeMode, 65.84, 0.03296446, 0.05000001, -0.01562359, 0, False, 0
66, directional, FreeMode, 65.86, 0.03326788, 0.05000001, -0.01576712, 0, False, 0
67, directional, FreeMode, 65.88, 0.03356523, 0.05000001, -0.01590778, 0, False, 0
68, directional, FreeMode, 65.9, 0.03385663, 0.05000001, -0.01604562, 0, False, 0
69, directional, FreeMode, 65.92, 0.0341422, 0.05000001, -0.01618071, 0, False, 0
70, directional, FreeMode, 65.93999, 0.03442207, 0.05000001, -0.01631309, 0, False, 0
71, directional, FreeMode, 65.96, 0.03469633, 0.05000001, -0.01644283, 0, False, 0
72, directional, FreeMode, 65.98, 0.03496511, 0.05000001, -0.01656997, 0, False, 0
73, directional, FreeMode, 66, 0.03522851, 0.05000001, -0.01669457, 0, False, 0
74, directional, FreeMode, 66.02, 0.03548665, 0.05000001, -0.01681668, 0, False, 0
75, directional, FreeMode, 66.04, 0.03573962, 0.05000001, -0.01693635, 0, False, 0
76, directional, FreeMode, 66.06, 0.03598754, 0.05000001, -0.01705362, 0, False, 0
77, directional, FreeMode, 66.08, 0.03623049, 0.05000001, -0.01716854, 0, False, 0
78, directional, FreeMode, 66.1, 0.03646859, 0.05000001, -0.01728117, 0, False, 0
79, directional, FreeMode, 66.12, 0.03670192, 0.05000001, -0.01739155, 0, False, 0
80, directional, FreeMode, 66.14, 0.03693059, 0.05000001, -0.01749972, 0, False, 0
81, directional, FreeMode, 66.16, 0.03715468, 0.05000001, -0.01760572, 0, False, 0
82, directional, FreeMode, 66.18, 0.0373743, 0.05000001, -0.01770961, 0, False, 0
83, directional, FreeMode, 66.2, 0.03758952, 0.05000001, -0.01781141, 0, False, 0
84, directional, FreeMode, 66.22, 0.03780043, 0.05000001, -0.01791118, 0, False, 0
85, directional, FreeMode, 66.24, 0.03800713, 0.05000001, -0.01800896, 0, False, 0
86, directional, FreeMode, 66.26, 0.03820969, 0.05000001, -0.01810478, 0, False, 0
87, directional, FreeMode, 66.28, 0.0384082, 0.05000001, -0.01819868, 0, False, 0
88, directional, FreeMode, 66.3, 0.03860275, 0.05000001, -0.01829071, 0, False, 0
89, directional, FreeMode, 66.32, 0.0387934, 0.05000001, -0.01838089, 0, False, 0
90, directional, FreeMode, 66.34, 0.03898023, 0.05000001, -0.01846927, 0, False, 0
91, directional, FreeMode, 66.36, 0.03916334, 0.05000001, -0.01855589, 0, False, 0
92, directional, FreeMode, 66.38, 0.03934278, 0.05000001, -0.01864077, 0, False, 0
93, directional, FreeMode, 66.4, 0.03951863, 0.05000001, -0.01872395, 0, False, 0
94, directional, FreeMode, 66.42, 0.03969096, 0.05000001, -0.01880547, 0, False, 0
95, directional, FreeMode, 66.43999, 0.03985985, 0.05000001, -0.01888536, 0, False, 0
96, directional, FreeMode, 66.46, 0.04002535, 0.05000001, -0.01896365, 0, False, 0
97, directional, FreeMode, 66.48, 0.04018755, 0.05000001, -0.01904038, 0, False, 0
98, directional, FreeMode, 66.5, 0.04034651, 0.05000001, -0.01911557, 0, False, 0
99, directional, FreeMode, 66.52, 0.04050228, 0.05000001, -0.01918926, 0, False, 0
100, directional, FreeMode, 66.54, 0.04065494, 0.05000001, -0.01926147, 0, False, 0
101, directional, FreeMode, 66.56, 0.04080455, 0.05000001, -0.01933224, 0, False, 0
102, directional, FreeMode, 66.58, 0.04095117, 0.05000007, -0.01940159, 0, False, 0
103, directional, FreeMode, 66.6, 0.04109485, 0.05000007, -0.01946956, 0, False, 0
104, directional, FreeMode, 66.62, 0.04123566, 0.05000007, -0.01953617, 0, False, 0
105, directional, FreeMode, 66.64, 0.04137365, 0.05000007, -0.01960144, 0, False, 0
106, directional, FreeMode, 66.66, 0.04150888, 0.05000007, -0.01966541, 0, False, 0
107, directional, FreeMode, 66.68, 0.04164141, 0.05000007, -0.0197281, 0, False, 0
108, directional, FreeMode, 66.7, 0.04177128, 0.05000007, -0.01978953, 0, False, 0
109, directional, FreeMode, 66.72, 0.04189856, 0.05000007, -0.01984974, 0, False, 0
110, directional, FreeMode, 66.74, 0.04202329, 0.05000007, -0.01990874, 0, False, 0
111, directional, FreeMode, 66.76, 0.04214553, 0.05000007, -0.01996656, 0, False, 0
112, directional, FreeMode, 66.78, 0.04226533, 0.05000007, -0.02002322, 0, False, 0
113, directional, FreeMode, 66.8, 0.04238272, 0.05000007, -0.02007875, 0, False, 0
114, directional, FreeMode, 66.82, 0.04249777, 0.05000001, -0.02013316, 0, False, 0
115, directional, FreeMode, 66.84, 0.04261052, 0.05000001, -0.02018649, 0, False, 0
116, directional, FreeMode, 66.86, 0.04272101, 0.05000001, -0.02023876, 0, False, 0
117, directional, FreeMode, 66.88, 0.0428293, 0.05000001, -0.02028997, 0, False, 0
118, directional, FreeMode, 66.9, 0.04293542, 0.05000001, -0.02034017, 0, False, 0
119, directional, FreeMode, 66.92, 0.04303941, 0.05000001, -0.02038935, 0, False, 0
120, directional, FreeMode, 66.93999, 0.04314133, 0.05000001, -0.02043756, 0, False, 0
121, directional, FreeMode, 66.96, 0.0432412, 0.05000001, -0.0204848, 0, False, 0
122, directional, FreeMode, 66.98, 0.04333908, 0.05000001, -0.02053109, 0, False, 0
123, directional, FreeMode, 67, 0.043435, 0.05000001, -0.02057646, 0, False, 0
124, directional, FreeMode, 67.02, 0.04352901, 0.05000001, -0.02062092, 0, False, 0
125, directional, FreeMode, 67.04, 0.04362113, 0.05000001, -0.02066449, 0, False, 0
126, directional, FreeMode, 67.06, 0.04371141, 0.05000001, -0.02070719, 0, False, 0
127, directional, FreeMode, 67.08, 0.04379988, 0.05000001, -0.02074904, 0, False, 0
128, directional, FreeMode, 67.1, 0.04388659, 0.05000001, -0.02079005, 0, False, 0
129, directional, FreeMode, 67.12, 0.04397156, 0.05000001, -0.02083024, 0, False, 0
130, directional, FreeMode, 67.14, 0.04405483, 0.05000001, -0.02086962, 0, False, 0
131, directional, FreeMode, 67.16, 0.04413644, 0.05000001, -0.02090822, 0, False, 0
132, directional, FreeMode, 67.18, 0.04421641, 0.05000001, -0.02094604, 0, False, 0
133, directional, FreeMode, 67.2, 0.04429479, 0.05000001, -0.02098311, 0, False, 0
134, directional, FreeMode, 67.22, 0.04437159, 0.05000001, -0.02101944, 0, False, 0
135, directional, FreeMode, 67.24, 0.04444686, 0.05000001, -0.02105504, 0, False, 0
136, directional, FreeMode, 67.26, 0.04452063, 0.05000001, -0.02108992, 0, False, 0
137, directional, FreeMode, 67.28, 0.04459292, 0.05000001, -0.02112411, 0, False, 0
138, directional, FreeMode, 67.3, 0.04466376, 0.05000001, -0.02115762, 0, False, 0
139, directional, FreeMode, 67.32, 0.04473319, 0.05000001, -0.02119045, 0, False, 0
140, directional, FreeMode, 67.34, 0.04480123, 0.05000001, -0.02122263, 0, False, 0
141, directional, FreeMode, 67.36, 0.04486791, 0.05000001, -0.02125416, 0, False, 0
142, directional, FreeMode, 67.38, 0.04493325, 0.05000001, -0.02128507, 0, False, 0
143, directional, FreeMode, 67.4, 0.04499729, 0.05000001, -0.02131535, 0, False, 0
144, directional, FreeMode, 67.42, 0.04506005, 0.05000001, -0.02134503, 0, False, 0
145, directional, FreeMode, 67.43999, 0.04512155, 0.05000001, -0.02137412, 0, False, 0
146, directional, FreeMode, 67.46, 0.04518182, 0.05000001, -0.02140262, 0, False, 0
147, directional, FreeMode, 67.48, 0.04524088, 0.05000001, -0.02143055, 0, False, 0
148, directional, FreeMode, 67.5, 0.04529877, 0.05000001, -0.02145793, 0, False, 0
149, directional, FreeMode, 67.52, 0.04535549, 0.05000001, -0.02148475, 0, False, 0
150, directional, FreeMode, 67.54, 0.04541108, 0.05000001, -0.02151104, 0, False, 0
151, directional, FreeMode, 67.56, 0.04546556, 0.05000001, -0.02153681, 0, False, 0
152, directional, FreeMode, 67.58, 0.04551895, 0.05000001, -0.02156205, 0, False, 0
153, directional, FreeMode, 67.6, 0.04557128, 0.05000001, -0.0215868, 0, False, 0
154, directional, FreeMode, 67.62, 0.04562255, 0.05000001, -0.02161105, 0, False, 0
155, directional, FreeMode, 67.64, 0.0456728, 0.05000001, -0.02163481, 0, False, 0
156, directional, FreeMode, 67.66, 0.04572205, 0.05000001, -0.0216581, 0, False, 0
157, directional, FreeMode, 67.68, 0.04577031, 0.05000001, -0.02168092, 0, False, 0
158, directional, FreeMode, 67.7, 0.0458176, 0.05000001, -0.02170328, 0, False, 0
159, directional, FreeMode, 67.72, 0.04586395, 0.05000001, -0.0217252, 0, False, 0
160, directional, FreeMode, 67.74, 0.04590937, 0.05000001, -0.02174668, 0, False, 0
161, directional, FreeMode, 67.76, 0.04595389, 0.05000001, -0.02176773, 0, False, 0
162, directional, FreeMode, 67.78, 0.04599751, 0.05000001, -0.02178835, 0, False, 0
163, directional, FreeMode, 67.8, 0.04604026, 0.05000001, -0.02180857, 0, False, 0
164, directional, FreeMode, 67.82, 0.04608216, 0.05000001, -0.02182838, 0, False, 0
165, directional, FreeMode, 67.84, 0.04612321, 0.05000001, -0.0218478, 0, False, 0
166, directional, FreeMode, 67.86, 0.04616345, 0.05000001, -0.02186682, 0, False, 0
167, directional, FreeMode, 67.88, 0.04620288, 0.05000001, -0.02188547, 0, False, 0
168, directional, FreeMode, 67.9, 0.04624153, 0.05000001, -0.02190374, 0, False, 0
169, directional, FreeMode, 67.92, 0.0462794, 0.05000001, -0.02192164, 0, False, 0
170, directional, FreeMode, 67.93999, 0.04631651, 0.05000001, -0.02193919, 0, False, 0
171, directional, FreeMode, 67.96, 0.04635288, 0.05000001, -0.02195639, 0, False, 0
172, directional, FreeMode, 67.98, 0.04638853, 0.05000001, -0.02197324, 0, False, 0
173, directional, FreeMode, 68, 0.04642346, 0.05000001, -0.02198976, 0, False, 0
174, directional, FreeMode, 68.02, 0.04645769, 0.05000001, -0.02200594, 0, False, 0
175, directional, FreeMode, 68.04, 0.04649124, 0.05000001, -0.0220218, 0, False, 0
176, directional, FreeMode, 68.06, 0.04652411, 0.05000001, -0.02203735, 0, False, 0
177, directional, FreeMode, 68.08, 0.04655633, 0.05000001, -0.02205258, 0, False, 0
178, directional, FreeMode, 68.1, 0.04658791, 0.05000001, -0.02206751, 0, False, 0
179, directional, FreeMode, 68.12, 0.04661885, 0.05000001, -0.02208214, 0, False, 0
180, directional, FreeMode, 68.14, 0.04664917, 0.05000001, -0.02209647, 0, False, 0
181, directional, FreeMode, 68.16, 0.04667889, 0.05000001, -0.02211052, 0, False, 0
182, directional, FreeMode, 68.18, 0.04670801, 0.05000001, -0.02212428, 0, False, 0
183, directional, FreeMode, 68.2, 0.04673655, 0.05000001, -0.02213778, 0, False, 0
184, directional, FreeMode, 68.22, 0.04676452, 0.05000001, -0.022151, 0, False, 0
185, directional, FreeMode, 68.24, 0.04679193, 0.05000001, -0.02216396, 0, False, 0
186, directional, FreeMode, 68.26, 0.0468188, 0.05000001, -0.02217666, 0, False, 0
187, directional, FreeMode, 68.28, 0.04684512, 0.05000001, -0.0221891, 0, False, 0
188, directional, FreeMode, 68.3, 0.04687092, 0.05000001, -0.02220129, 0, False, 0
189, directional, FreeMode, 68.32, 0.0468962, 0.05000001, -0.02221324, 0, False, 0
190, directional, FreeMode, 68.34, 0.04692098, 0.05000001, -0.02222496, 0, False, 0
191, directional, FreeMode, 68.36, 0.04694526, 0.05000001, -0.02223643, 0, False, 0
192, directional, FreeMode, 68.38, 0.04696906, 0.05000001, -0.02224768, 0, False, 0
193, directional, FreeMode, 68.4, 0.04699238, 0.05000001, -0.0222587, 0, False, 0
194, directional, FreeMode, 68.42, 0.04701523, 0.05000001, -0.0222695, 0, False, 0
195, directional, FreeMode, 68.43999, 0.04703763, 0.05000001, -0.02228009, 0, False, 0
196, directional, FreeMode, 68.46, 0.04705958, 0.05000001, -0.02229046, 0, False, 0
197, directional, FreeMode, 68.48, 0.04708109, 0.05000001, -0.02230063, 0, False, 0
198, directional, FreeMode, 68.5, 0.04710217, 0.05000001, -0.02231059, 0, False, 0
199, directional, FreeMode, 68.52, 0.04712282, 0.05000001, -0.02232035, 0, False, 0
200, directional, FreeMode, 68.54, 0.04714307, 0.05000001, -0.02232992, 0, False, 0
201, directional, FreeMode, 68.56, 0.04716291, 0.05000001, -0.02233929, 0, False, 0
202, directional, FreeMode, 68.58, 0.04718235, 0.05000001, -0.02234848, 0, False, 0
203, directional, FreeMode, 68.6, 0.04720141, 0.05000001, -0.02235748, 0, False, 0
204, directional, FreeMode, 68.62, 0.04722008, 0.05000001, -0.02236631, 0, False, 0
205, directional, FreeMode, 68.64, 0.04723838, 0.05000001, -0.02237495, 0, False, 0
206, directional, FreeMode, 68.66, 0.04725631, 0.05000001, -0.02238343, 0, False, 0
207, directional, FreeMode, 68.68, 0.04727389, 0.05000001, -0.02239173, 0, False, 0
208, directional, FreeMode, 68.7, 0.04729111, 0.05000001, -0.02239987, 0, False, 0
209, directional, FreeMode, 68.72, 0.04730799, 0.05000001, -0.02240784, 0, False, 0
210, directional, FreeMode, 68.74, 0.04732453, 0.05000001, -0.02241566, 0, False, 0
211, directional, FreeMode, 68.76, 0.04734074, 0.05000001, -0.02242332, 0, False, 0
212, directional, FreeMode, 68.78, 0.04735662, 0.05000001, -0.02243082, 0, False, 0
213, directional, FreeMode, 68.8, 0.04737219, 0.05000001, -0.02243818, 0, False, 0
214, directional, FreeMode, 68.82, 0.04738744, 0.05000001, -0.02244539, 0, False, 0
215, directional, FreeMode, 68.84, 0.0474024, 0.05000001, -0.02245245, 0, False, 0
216, directional, FreeMode, 68.86, 0.04741705, 0.05000001, -0.02245937, 0, False, 0
217, directional, FreeMode, 68.88, 0.04743141, 0.05000001, -0.02246615, 0, False, 0
218, directional, FreeMode, 68.9, 0.04744548, 0.05000001, -0.0224728, 0, False, 0
219, directional, FreeMode, 68.92, 0.04745927, 0.05000001, -0.02247932, 0, False, 0
220, directional, FreeMode, 68.93999, 0.04747279, 0.05000001, -0.0224857, 0, False, 0
221, directional, FreeMode, 68.96, 0.04748603, 0.05000001, -0.02249195, 0, False, 0
222, directional, FreeMode, 68.98, 0.04749901, 0.05000001, -0.02249808, 0, False, 0
223, directional, FreeMode, 69, 0.04751173, 0.05000001, -0.02250409, 0, False, 0
224, directional, FreeMode, 69.02, 0.04752419, 0.05000001, -0.02250998, 0, False, 0
225, directional, FreeMode, 69.04, 0.04753641, 0.05000001, -0.02251575, 0, False, 0
226, directional, FreeMode, 69.06, 0.04754838, 0.05000001, -0.0225214, 0, False, 0
227, directional, FreeMode, 69.08, 0.04756011, 0.05000001, -0.02252694, 0, False, 0
228, directional, FreeMode, 69.1, 0.04757161, 0.05000001, -0.02253237, 0, False, 0
229, directional, FreeMode, 69.12, 0.04758288, 0.05000001, -0.02253769, 0, False, 0
230, directional, FreeMode, 69.14, 0.04759392, 0.05000001, -0.0225429, 0, False, 0
231, directional, FreeMode, 69.16, 0.04760474, 0.05000001, -0.02254801, 0, False, 0
232, directional, FreeMode, 69.18, 0.04761535, 0.05000001, -0.02255302, 0, False, 0
233, directional, FreeMode, 69.2, 0.04762574, 0.05000001, -0.02255793, 0, False, 0
234, directional, FreeMode, 69.22, 0.04763592, 0.05000001, -0.02256273, 0, False, 0
235, directional, FreeMode, 69.24, 0.0476459, 0.05000001, -0.02256745, 0, False, 0
236, directional, FreeMode, 69.26, 0.04765569, 0.05000001, -0.02257206, 0, False, 0
237, directional, FreeMode, 69.28, 0.04766527, 0.05000001, -0.02257659, 0, False, 0
238, directional, FreeMode, 69.3, 0.04767467, 0.05000001, -0.02258102, 0, False, 0
239, directional, FreeMode, 69.32, 0.04768387, 0.05000001, -0.02258537, 0, False, 0
240, directional, FreeMode, 69.34, 0.04769289, 0.05000001, -0.02258963, 0, False, 0
241, directional, FreeMode, 69.36, 0.04770174, 0.05000001, -0.0225938, 0, False, 0
242, directional, FreeMode, 69.38, 0.0477104, 0.05000001, -0.02259789, 0, False, 0
243, directional, FreeMode, 69.4, 0.04771889, 0.05000001, -0.02260189, 0, False, 0
244, directional, FreeMode, 69.42, 0.04772721, 0.05000001, -0.02260582, 0, False, 0
245, directional, FreeMode, 69.43999, 0.04773537, 0.05000001, -0.02260967, 0, False, 0
246, directional, FreeMode, 69.46, 0.04774336, 0.05000001, -0.02261344, 0, False, 0
247, directional, FreeMode, 69.48, 0.04775119, 0.05000001, -0.02261713, 0, False, 0
248, directional, FreeMode, 69.5, 0.04775886, 0.05000001, -0.02262075, 0, False, 0
249, directional, FreeMode, 69.52, 0.04776638, 0.05000001, -0.0226243, 0, False, 0
250, directional, FreeMode, 69.54, 0.04777376, 0.05000001, -0.02262778, 0, False, 0
251, directional, FreeMode, 69.56, 0.04778098, 0.05000001, -0.02263119, 0, False, 0
252, directional, FreeMode, 69.58, 0.04778806, 0.05000001, -0.02263453, 0, False, 0
253, directional, FreeMode, 69.6, 0.04779499, 0.05000001, -0.0226378, 0, False, 0
254, directional, FreeMode, 69.62, 0.04780179, 0.05000001, -0.022641, 0, False, 0
255, directional, FreeMode, 69.64, 0.04780846, 0.05000001, -0.02264415, 0, False, 0
256, directional, FreeMode, 69.66, 0.04781499, 0.05000001, -0.02264723, 0, False, 0
257, directional, FreeMode, 69.68, 0.04782139, 0.05000001, -0.02265024, 0, False, 0
258, directional, FreeMode, 69.7, 0.04782766, 0.05000001, -0.0226532, 0, False, 0
259, directional, FreeMode, 69.72, 0.0478338, 0.05000001, -0.0226561, 0, False, 0
260, directional, FreeMode, 69.74, 0.04783983, 0.05000001, -0.02265894, 0, False, 0
261, directional, FreeMode, 69.76, 0.04784573, 0.05000001, -0.02266172, 0, False, 0
262, directional, FreeMode, 69.78, 0.04785151, 0.05000001, -0.02266445, 0, False, 0
263, directional, FreeMode, 69.8, 0.04785718, 0.05000001, -0.02266712, 0, False, 0
264, directional, FreeMode, 69.82, 0.04786274, 0.05000001, -0.02266973, 0, False, 0
265, directional, FreeMode, 69.84, 0.04786818, 0.05000001, -0.0226723, 0, False, 0
266, directional, FreeMode, 69.86, 0.04787352, 0.05000001, -0.02267481, 0, False, 0
267, directional, FreeMode, 69.88, 0.04787875, 0.05000001, -0.02267728, 0, False, 0
268, directional, FreeMode, 69.9, 0.04788387, 0.05000001, -0.02267969, 0, False, 0
269, directional, FreeMode, 69.92, 0.04788889, 0.05000001, -0.02268206, 0, False, 0
270, directional, FreeMode, 69.93999, 0.04789381, 0.05000001, -0.02268437, 0, False, 0
271, directional, FreeMode, 69.96, 0.04789864, 0.05000001, -0.02268664, 0, False, 0
272, directional, FreeMode, 69.98, 0.04790336, 0.05000001, -0.02268887, 0, False, 0
273, directional, FreeMode, 70, 0.04790799, 0.05000001, -0.02269105, 0, False, 0
274, directional, FreeMode, 70.02, 0.04791253, 0.05000001, -0.02269319, 0, False, 0
275, directional, FreeMode, 70.04, 0.04791698, 0.05000001, -0.02269528, 0, False, 0
276, directional, FreeMode, 70.06, 0.04792134, 0.05000001, -0.02269733, 0, False, 0
277, directional, FreeMode, 70.08, 0.04792561, 0.05000001, -0.02269934, 0, False, 0
278, directional, FreeMode, 70.1, 0.0479298, 0.05000001, -0.02270132, 0, False, 0
279, directional, FreeMode, 70.12, 0.0479339, 0.05000001, -0.02270325, 0, False, 0
280, directional, FreeMode, 70.14, 0.04793792, 0.05000001, -0.02270514, 0, False, 0
281, directional, FreeMode, 70.16, 0.04794186, 0.05000001, -0.02270699, 0, False, 0
282, directional, FreeMode, 70.18, 0.04794572, 0.05000001, -0.02270881, 0, False, 0
283, directional, FreeMode, 70.2, 0.04794951, 0.05000001, -0.02271059, 0, False, 0
284, directional, FreeMode, 70.22, 0.04795321, 0.05000001, -0.02271233, 0, False, 0
285, directional, FreeMode, 70.24, 0.04795685, 0.05000001, -0.02271404, 0, False, 0
286, directional, FreeMode, 70.26, 0.04796041, 0.05000001, -0.02271572, 0, False, 0
287, directional, FreeMode, 70.28, 0.0479639, 0.05000001, -0.02271736, 0, False, 0
288, directional, FreeMode, 70.3, 0.04796732, 0.05000001, -0.02271897, 0, False, 0
289, directional, FreeMode, 70.32, 0.04797067, 0.05000001, -0.02272054, 0, False, 0
290, directional, FreeMode, 70.34, 0.04797396, 0.05000001, -0.02272209, 0, False, 0
291, directional, FreeMode, 70.36, 0.04797718, 0.05000001, -0.0227236, 0, False, 0
292, directional, FreeMode, 70.38, 0.04798033, 0.05000001, -0.02272508, 0, False, 0
293, directional, FreeMode, 70.4, 0.04798343, 0.05000001, -0.02272653, 0, False, 0
294, directional, FreeMode, 70.42, 0.04798646, 0.05000001, -0.02272796, 0, False, 0
295, directional, FreeMode, 70.43999, 0.04798942, 0.05000001, -0.02272935, 0, False, 0
296, directional, FreeMode, 70.46, 0.04799233, 0.05000001, -0.02273072, 0, False, 0
297, directional, FreeMode, 70.48, 0.04799518, 0.05000001, -0.02273206, 0, False, 0
298, directional, FreeMode, 70.5, 0.04799798, 0.05000001, -0.02273337, 0, False, 0
299, directional, FreeMode, 70.52, 0.04800072, 0.05000001, -0.02273466, 0, False, 0
300, directional, FreeMode, 70.54, 0.0480034, 0.05000001, -0.02273591, 0, False, 0
301, directional, FreeMode, 70.56, 0.04800603, 0.05000001, -0.02273715, 0, False, 0
302, directional, FreeMode, 70.58, 0.04800861, 0.05000001, -0.02273836, 0, False, 0
303, directional, FreeMode, 70.6, 0.04801113, 0.05000001, -0.02273954, 0, False, 0
304, directional, FreeMode, 70.62, 0.04801361, 0.05000001, -0.0227407, 0, False, 0
305, directional, FreeMode, 70.64, 0.04801603, 0.05000001, -0.02274184, 0, False, 0
306, directional, FreeMode, 70.66, 0.04801841, 0.05000001, -0.02274296, 0, False, 0
307, directional, FreeMode, 70.68, 0.04802074, 0.05000001, -0.02274405, 0, False, 0
308, directional, FreeMode, 70.7, 0.04802302, 0.05000001, -0.02274512, 0, False, 0
309, directional, FreeMode, 70.72, 0.04802526, 0.05000001, -0.02274616, 0, False, 0
310, directional, FreeMode, 70.74, 0.04802745, 0.05000001, -0.02274719, 0, False, 0
311, directional, FreeMode, 70.76, 0.0480296, 0.05000001, -0.0227482, 0, False, 0
312, directional, FreeMode, 70.78, 0.04803171, 0.05000001, -0.02274918, 0, False, 0
313, directional, FreeMode, 70.8, 0.04803377, 0.05000001, -0.02275015, 0, False, 0
314, directional, FreeMode, 70.82, 0.04803579, 0.05000001, -0.02275109, 0, False, 0
315, directional, FreeMode, 70.84, 0.04803777, 0.05000001, -0.02275202, 0, False, 0
316, directional, FreeMode, 70.86, 0.04803972, 0.05000001, -0.02275293, 0, False, 0
317, directional, FreeMode, 70.88, 0.04804162, 0.05000001, -0.02275382, 0, False, 0
318, directional, FreeMode, 70.9, 0.04804349, 0.05000001, -0.02275469, 0, False, 0
319, directional, FreeMode, 70.92, 0.04804531, 0.05000001, -0.02275555, 0, False, 0
320, directional, FreeMode, 70.93999, 0.04804711, 0.05000001, -0.02275638, 0, False, 0
321, directional, FreeMode, 70.96, 0.04804886, 0.05000001, -0.0227572, 0, False, 0
322, directional, FreeMode, 70.98, 0.04805058, 0.05000001, -0.02275801, 0, False, 0
323, directional, FreeMode, 71, 0.04805227, 0.05000001, -0.02275879, 0, False, 0
324, directional, FreeMode, 71.02, 0.04805392, 0.05000001, -0.02275957, 0, False, 0
325, directional, FreeMode, 71.04, 0.04805554, 0.05000001, -0.02276032, 0, False, 0
326, directional, FreeMode, 71.06, 0.04805713, 0.05000001, -0.02276106, 0, False, 0
327, directional, FreeMode, 71.08, 0.04805868, 0.05000001, -0.02276179, 0, False, 0
328, directional, FreeMode, 71.1, 0.04806021, 0.05000001, -0.0227625, 0, False, 0
329, directional, FreeMode, 71.12, 0.0480617, 0.05000001, -0.02276319, 0, False, 0
330, directional, FreeMode, 71.14, 0.04806317, 0.05000001, -0.02276387, 0, False, 0
331, directional, FreeMode, 71.16, 0.0480646, 0.05000001, -0.02276454, 0, False, 0
332, directional, FreeMode, 71.18, 0.04806601, 0.05000001, -0.0227652, 0, False, 0
333, directional, FreeMode, 71.2, 0.04806738, 0.05000001, -0.02276584, 0, False, 0
334, directional, FreeMode, 71.22, 0.04806873, 0.05000001, -0.02276647, 0, False, 0
335, directional, FreeMode, 71.24, 0.04807005, 0.05000001, -0.02276708, 0, False, 0
336, directional, FreeMode, 71.26, 0.04807135, 0.05000001, -0.02276768, 0, False, 0
337, directional, FreeMode, 71.28, 0.04807262, 0.05000001, -0.02276827, 0, False, 0
338, directional, FreeMode, 71.3, 0.04807387, 0.05000001, -0.02276885, 0, False, 0
339, directional, FreeMode, 71.32, 0.04807508, 0.05000001, -0.02276942, 0, False, 0
340, directional, FreeMode, 71.34, 0.04807628, 0.05000001, -0.02276997, 0, False, 0
341, directional, FreeMode, 71.36, 0.04807745, 0.05000001, -0.02277052, 0, False, 0
342, directional, FreeMode, 71.38, 0.0480786, 0.05000001, -0.02277105, 0, False, 0
343, directional, FreeMode, 71.4, 0.04807972, 0.05000001, -0.02277157, 0, False, 0
344, directional, FreeMode, 71.42, 0.04808082, 0.05000001, -0.02277208, 0, False, 0
345, directional, FreeMode, 71.43999, 0.0480819, 0.05000001, -0.02277259, 0, False, 0
346, directional, FreeMode, 71.46, 0.04808296, 0.05000001, -0.02277308, 0, False, 0
347, directional, FreeMode, 71.48, 0.048084, 0.05000001, -0.02277356, 0, False, 0
348, directional, FreeMode, 71.5, 0.04808502, 0.05000001, -0.02277403, 0, False, 0
349, directional, FreeMode, 71.52, 0.04808602, 0.05000001, -0.02277449, 0, False, 0
350, directional, FreeMode, 71.54, 0.04808699, 0.05000001, -0.02277494, 0, False, 0
351, directional, FreeMode, 71.56, 0.04808795, 0.05000001, -0.02277539, 0, False, 0
352, directional, FreeMode, 71.58, 0.04808889, 0.05000001, -0.02277582, 0, False, 0
353, directional, FreeMode, 71.6, 0.04808981, 0.05000001, -0.02277624, 0, False, 0
354, directional, FreeMode, 71.62, 0.04809071, 0.05000001, -0.02277666, 0, False, 0
355, directional, FreeMode, 71.64, 0.04809159, 0.05000001, -0.02277707, 0, False, 0
356, directional, FreeMode, 71.66, 0.04809246, 0.05000001, -0.02277747, 0, False, 0
357, directional, FreeMode, 71.68, 0.04809331, 0.05000001, -0.02277786, 0, False, 0
358, directional, FreeMode, 71.7, 0.04809414, 0.05000001, -0.02277824, 0, False, 0
359, directional, FreeMode, 71.72, 0.04809495, 0.05000001, -0.02277861, 0, False, 0
360, directional, FreeMode, 71.74, 0.04809575, 0.05000001, -0.02277898, 0, False, 0
361, directional, FreeMode, 71.76, 0.04809653, 0.05000001, -0.02277934, 0, False, 0
362, directional, FreeMode, 71.78, 0.0480973, 0.05000001, -0.02277969, 0, False, 0
363, directional, FreeMode, 71.8, 0.04809805, 0.05000001, -0.02278004, 0, False, 0
364, directional, FreeMode, 71.82, 0.04809879, 0.05000001, -0.02278037, 0, False, 0
365, directional, FreeMode, 71.84, 0.04809951, 0.05000001, -0.02278071, 0, False, 0
366, directional, FreeMode, 71.86, 0.04810022, 0.05000001, -0.02278103, 0, False, 0
367, directional, FreeMode, 71.88, 0.04810091, 0.05000001, -0.02278135, 0, False, 0
368, directional, FreeMode, 71.9, 0.04810159, 0.05000001, -0.02278166, 0, False, 0
369, directional, FreeMode, 71.92, 0.04810225, 0.05000001, -0.02278196, 0, False, 0
370, directional, FreeMode, 71.93999, 0.0481029, 0.05000001, -0.02278226, 0, False, 0
371, directional, FreeMode, 71.96, 0.04810354, 0.05000001, -0.02278255, 0, False, 0
372, directional, FreeMode, 71.98, 0.04810417, 0.05000001, -0.02278284, 0, False, 0
373, directional, FreeMode, 72, 0.04810478, 0.05000001, -0.02278312, 0, False, 0
374, directional, FreeMode, 72.02, 0.04810538, 0.05000001, -0.02278339, 0, False, 0
375, directional, FreeMode, 72.04, 0.04810597, 0.05000001, -0.02278366, 0, False, 0
376, directional, FreeMode, 72.06, 0.04810655, 0.05000001, -0.02278392, 0, False, 0
377, directional, FreeMode, 72.08, 0.04810711, 0.05000001, -0.02278418, 0, False, 0
378, directional, FreeMode, 72.1, 0.04810767, 0.05000001, -0.02278443, 0, False, 0
379, directional, FreeMode, 72.12, 0.04810821, 0.05000001, -0.02278467, 0, False, 0
380, directional, FreeMode, 72.14, 0.04810875, 0.05000001, -0.02278492, 0, False, 0
381, directional, FreeMode, 72.16, 0.04810927, 0.05000001, -0.02278515, 0, False, 0
382, directional, FreeMode, 72.18, 0.04810978, 0.05000001, -0.02278538, 0, False, 0
383, directional, FreeMode, 72.2, 0.04811028, 0.05000001, -0.02278561, 0, False, 0
384, directional, FreeMode, 72.22, 0.04811077, 0.05000001, -0.02278583, 0, False, 0
385, directional, FreeMode, 72.24, 0.04811125, 0.05000001, -0.02278605, 0, False, 0
386, directional, FreeMode, 72.26, 0.04811172, 0.05000001, -0.02278626, 0, False, 0
387, directional, FreeMode, 72.28, 0.04811218, 0.05000001, -0.02278647, 0, False, 0
388, directional, FreeMode, 72.3, 0.04811263, 0.05000001, -0.02278668, 0, False, 0
389, directional, FreeMode, 72.32, 0.04811308, 0.05000001, -0.02278687, 0, False, 0
390, directional, FreeMode, 72.34, 0.04811351, 0.05000001, -0.02278707, 0, False, 0
391, directional, FreeMode, 72.36, 0.04811394, 0.05000001, -0.02278726, 0, False, 0
392, directional, FreeMode, 72.38, 0.04811436, 0.05000001, -0.02278745, 0, False, 0
393, directional, FreeMode, 72.4, 0.04811477, 0.05000001, -0.02278763, 0, False, 0
394, directional, FreeMode, 72.42, 0.04811517, 0.05000001, -0.02278781, 0, False, 0
395, directional, FreeMode, 72.43999, 0.04811556, 0.05000001, -0.02278798, 0, False, 0
396, directional, FreeMode, 72.46, 0.04811594, 0.05000001, -0.02278816, 0, False, 0
397, directional, FreeMode, 72.48, 0.04811632, 0.05000001, -0.02278832, 0, False, 0
398, directional, FreeMode, 72.5, 0.04811669, 0.05000001, -0.02278849, 0, False, 0
399, directional, FreeMode, 72.52, 0.04811705, 0.05000001, -0.02278865, 0, False, 0
400, directional, FreeMode, 72.54, 0.0481174, 0.05000001, -0.02278881, 0, False, 0
401, directional, FreeMode, 72.56, 0.04811775, 0.05000001, -0.02278896, 0, False, 0
402, directional, FreeMode, 72.58, 0.04811809, 0.05000001, -0.02278911, 0, False, 0
403, directional, FreeMode, 72.6, 0.04811842, 0.05000001, -0.02278926, 0, False, 0
404, directional, FreeMode, 72.62, 0.04811875, 0.05000001, -0.0227894, 0, False, 0
405, directional, FreeMode, 72.64, 0.04811907, 0.05000001, -0.02278955, 0, False, 0
406, directional, FreeMode, 72.66, 0.04811938, 0.05000001, -0.02278968, 0, False, 0
407, directional, FreeMode, 72.68, 0.04811969, 0.05000001, -0.02278982, 0, False, 0
408, directional, FreeMode, 72.7, 0.04812, 0.05000001, -0.02278995, 0, False, 0
409, directional, FreeMode, 72.72, 0.04812029, 0.05000001, -0.02279008, 0, False, 0
410, directional, FreeMode, 72.74, 0.04812058, 0.05000001, -0.02279021, 0, False, 0
411, directional, FreeMode, 72.76, 0.04812086, 0.05000001, -0.02279033, 0, False, 0
412, directional, FreeMode, 72.78, 0.04812114, 0.05000001, -0.02279045, 0, False, 0
413, directional, FreeMode, 72.8, 0.04812142, 0.05000001, -0.02279057, 0, False, 0
414, directional, FreeMode, 72.82, 0.04812168, 0.05000001, -0.02279069, 0, False, 0
415, directional, FreeMode, 72.84, 0.04812194, 0.05000001, -0.0227908, 0, False, 0
416, directional, FreeMode, 72.86, 0.0481222, 0.05000001, -0.02279091, 0, False, 0
417, directional, FreeMode, 72.88, 0.04812245, 0.05000001, -0.02279102, 0, False, 0
418, directional, FreeMode, 72.9, 0.0481227, 0.05000001, -0.02279113, 0, False, 0
419, directional, FreeMode, 72.92, 0.04812294, 0.05000001, -0.02279123, 0, False, 0
420, directional, FreeMode, 72.93999, 0.04812317, 0.05000001, -0.02279133, 0, False, 0
421, directional, FreeMode, 72.96, 0.0481234, 0.05000001, -0.02279143, 0, False, 0
422, directional, FreeMode, 72.98, 0.04812363, 0.05000001, -0.02279153, 0, False, 0
423, directional, FreeMode, 73, 0.04812386, 0.05000001, -0.02279162, 0, False, 0
424, directional, FreeMode, 73.02, 0.04812407, 0.05000001, -0.02279172, 0, False, 0
425, directional, FreeMode, 73.04, 0.04812428, 0.05000001, -0.02279181, 0, False, 0
426, directional, FreeMode, 73.06, 0.04812449, 0.05000001, -0.0227919, 0, False, 0
427, directional, FreeMode, 73.08, 0.0481247, 0.05000001, -0.02279199, 0, False, 0
428, directional, FreeMode, 73.1, 0.0481249, 0.05000001, -0.02279207, 0, False, 0
429, directional, FreeMode, 73.12, 0.0481251, 0.05000001, -0.02279215, 0, False, 0
430, directional, FreeMode, 73.14, 0.04812529, 0.05000001, -0.02279223, 0, False, 0
431, directional, FreeMode, 73.16, 0.04812548, 0.05000001, -0.02279231, 0, False, 0
432, directional, FreeMode, 73.18, 0.04812567, 0.05000001, -0.02279239, 0, False, 0
433, directional, FreeMode, 73.2, 0.04812585, 0.05000001, -0.02279246, 0, False, 0
434, directional, FreeMode, 73.22, 0.04812603, 0.05000001, -0.02279254, 0, False, 0
435, directional, FreeMode, 73.24, 0.0481262, 0.05000001, -0.02279261, 0, False, 0
436, directional, FreeMode, 73.26, 0.04812637, 0.05000001, -0.02279268, 0, False, 0
437, directional, FreeMode, 73.28, 0.04812654, 0.05000001, -0.02279275, 0, False, 0
438, directional, FreeMode, 73.3, 0.0481267, 0.05000001, -0.02279282, 0, False, 0
439, directional, FreeMode, 73.32, 0.04812687, 0.05000001, -0.02279288, 0, False, 0
440, directional, FreeMode, 73.34, 0.04812702, 0.05000001, -0.02279294, 0, False, 0
441, directional, FreeMode, 73.36, 0.04812717, 0.05000001, -0.02279301, 0, False, 0
442, directional, FreeMode, 73.38, 0.04812733, 0.05000001, -0.02279307, 0, False, 0
443, directional, FreeMode, 73.4, 0.04812748, 0.05000001, -0.02279313, 0, False, 0
444, directional, FreeMode, 73.42, 0.04812762, 0.05000001, -0.02279319, 0, False, 0
445, directional, FreeMode, 73.43999, 0.04812776, 0.05000001, -0.02279324, 0, False, 0
446, directional, FreeMode, 73.46, 0.0481279, 0.05000001, -0.0227933, 0, False, 0
447, directional, FreeMode, 73.48, 0.04812804, 0.05000001, -0.02279335, 0, False, 0
448, directional, FreeMode, 73.5, 0.04812817, 0.05000001, -0.02279341, 0, False, 0
449, directional, FreeMode, 73.52, 0.0481283, 0.05000001, -0.02279346, 0, False, 0
450, directional, FreeMode, 73.54, 0.04812843, 0.05000001, -0.02279351, 0, False, 0
451, directional, FreeMode, 73.56, 0.04812856, 0.05000001, -0.02279356, 0, False, 0
452, directional, FreeMode, 73.58, 0.04812868, 0.05000001, -0.02279361, 0, False, 0
453, directional, FreeMode, 73.6, 0.0481288, 0.05000001, -0.02279365, 0, False, 0
454, directional, FreeMode, 73.62, 0.04812892, 0.05000001, -0.0227937, 0, False, 0
455, directional, FreeMode, 73.64, 0.04812903, 0.05000001, -0.02279374, 0, False, 0
456, directional, FreeMode, 73.66, 0.04812915, 0.05000001, -0.02279378, 0, False, 0
457, directional, FreeMode, 73.68, 0.04812926, 0.05000001, -0.02279383, 0, False, 0
458, directional, FreeMode, 73.7, 0.04812936, 0.05000001, -0.02279387, 0, False, 0
459, directional, FreeMode, 73.72, 0.04812947, 0.05000001, -0.02279391, 0, False, 0
460, directional, FreeMode, 73.74, 0.04812958, 0.05000001, -0.02279395, 0, False, 0
461, directional, FreeMode, 73.76, 0.04812968, 0.05000001, -0.02279399, 0, False, 0
462, directional, FreeMode, 73.78, 0.04812978, 0.05000001, -0.02279402, 0, False, 0
463, directional, FreeMode, 73.8, 0.04812988, 0.05000001, -0.02279406, 0, False, 0
464, directional, FreeMode, 73.82, 0.04812998, 0.05000001, -0.02279409, 0, False, 0
465, directional, FreeMode, 73.84, 0.04813007, 0.05000001, -0.02279413, 0, False, 0
466, directional, FreeMode, 73.86, 0.04813016, 0.05000001, -0.02279416, 0, False, 0
467, directional, FreeMode, 73.88, 0.04813025, 0.05000001, -0.02279419, 0, False, 0
468, directional, FreeMode, 73.9, 0.04813034, 0.05000001, -0.02279422, 0, False, 0
469, directional, FreeMode, 73.92, 0.04813043, 0.05000001, -0.02279426, 0, False, 0
470, directional, FreeMode, 73.93999, 0.04813051, 0.05000001, -0.02279429, 0, False, 0
471, directional, FreeMode, 73.96, 0.04813059, 0.05000001, -0.02279432, 0, False, 0
472, directional, FreeMode, 73.98, 0.04813068, 0.05000001, -0.02279434, 0, False, 0
473, directional, FreeMode, 74, 0.04813076, 0.05000001, -0.02279437, 0, False, 0
474, directional, FreeMode, 74.02, 0.04813084, 0.05000001, -0.0227944, 0, False, 0
475, directional, FreeMode, 74.04, 0.04813091, 0.05000001, -0.02279442, 0, False, 0
476, directional, FreeMode, 74.06, 0.04813099, 0.05000001, -0.02279445, 0, False, 0
477, directional, FreeMode, 74.08, 0.04813106, 0.05000001, -0.02279447, 0, False, 0
478, directional, FreeMode, 74.1, 0.04813113, 0.05000001, -0.0227945, 0, False, 0
479, directional, FreeMode, 74.12, 0.04813121, 0.05000001, -0.02279452, 0, False, 0
480, directional, FreeMode, 74.14, 0.04813128, 0.05000001, -0.02279454, 0, False, 0
481, directional, FreeMode, 74.16, 0.04813134, 0.05000001, -0.02279457, 0, False, 0
482, directional, FreeMode, 74.18, 0.04813141, 0.05000001, -0.02279459, 0, False, 0
483, directional, FreeMode, 74.2, 0.04813148, 0.05000001, -0.02279461, 0, False, 0
484, directional, FreeMode, 74.22, 0.04813154, 0.05000001, -0.02279463, 0, False, 0
485, directional, FreeMode, 74.24, 0.0481316, 0.05000001, -0.02279465, 0, False, 0
486, directional, FreeMode, 74.26, 0.04813166, 0.05000001, -0.02279466, 0, False, 0
487, directional, FreeMode, 74.28, 0.04813172, 0.05000001, -0.02279468, 0, False, 0
488, directional, FreeMode, 74.3, 0.04813178, 0.05000001, -0.0227947, 0, False, 0
489, directional, FreeMode, 74.32, 0.04813184, 0.05000001, -0.02279472, 0, False, 0
490, directional, FreeMode, 74.34, 0.04813189, 0.05000001, -0.02279473, 0, False, 0
491, directional, FreeMode, 74.36, 0.04813195, 0.05000001, -0.02279475, 0, False, 0
492, directional, FreeMode, 74.38, 0.04813201, 0.05000001, -0.02279476, 0, False, 0
493, directional, FreeMode, 74.4, 0.04813206, 0.05000001, -0.02279478, 0, False, 0
494, directional, FreeMode, 74.42, 0.04813211, 0.05000001, -0.02279479, 0, False, 0
495, directional, FreeMode, 74.43999, 0.04813216, 0.05000001, -0.02279481, 0, False, 0
496, directional, FreeMode, 74.46, 0.04813221, 0.05000001, -0.02279482, 0, False, 0
497, directional, FreeMode, 74.48, 0.04813226, 0.05000001, -0.02279483, 0, False, 0
498, directional, FreeMode, 74.5, 0.04813231, 0.05000001, -0.02279484, 0, False, 0
499, directional, FreeMode, 74.52, 0.04813236, 0.05000001, -0.02279486, 0, False, 0
500, directional, FreeMode, 74.54, 0.0481324, 0.05000001, -0.02279487, 0, False, 0
501, directional, FreeMode, 74.56, 0.04813245, 0.05000001, -0.02279488, 0, False, 0
502, directional, FreeMode, 74.58, 0.04813249, 0.05000001, -0.02279489, 0, False, 0
503, directional, FreeMode, 74.6, 0.04813254, 0.05000001, -0.0227949, 0, False, 0
504, directional, FreeMode, 74.62, 0.04813258, 0.05000001, -0.02279491, 0, False, 0
505, directional, FreeMode, 74.64, 0.04813262, 0.05000001, -0.02279492, 0, False, 0
506, directional, FreeMode, 74.66, 0.04813266, 0.05000001, -0.02279493, 0, False, 0
507, directional, FreeMode, 74.68, 0.0481327, 0.05000001, -0.02279494, 0, False, 0
508, directional, FreeMode, 74.7, 0.04813274, 0.05000001, -0.02279494, 0, False, 0
509, directional, FreeMode, 74.72, 0.04813277, 0.05000001, -0.02279495, 0, False, 0
510, directional, FreeMode, 74.74, 0.04813281, 0.05000001, -0.02279496, 0, False, 0
511, directional, FreeMode, 74.76, 0.04813285, 0.05000001, -0.02279497, 0, False, 0
512, directional, FreeMode, 74.78, 0.04813289, 0.05000001, -0.02279497, 0, False, 0
513, directional, FreeMode, 74.8, 0.04813292, 0.05000001, -0.02279498, 0, False, 0
514, directional, FreeMode, 74.82, 0.04813295, 0.05000001, -0.02279498, 0, False, 0
515, directional, FreeMode, 74.84, 0.04813299, 0.05000001, -0.02279499, 0, False, 0
516, directional, FreeMode, 74.86, 0.04813302, 0.05000001, -0.022795, 0, False, 0
517, directional, FreeMode, 74.88, 0.04813305, 0.05000001, -0.022795, 0, False, 0
518, directional, FreeMode, 74.9, 0.04813308, 0.05000001, -0.022795, 0, False, 0
519, directional, FreeMode, 74.92, 0.04813311, 0.05000001, -0.02279501, 0, False, 0
520, directional, FreeMode, 74.93999, 0.04813314, 0.05000001, -0.02279501, 0, False, 0
521, directional, FreeMode, 74.96, 0.04813317, 0.05000001, -0.02279502, 0, False, 0
522, directional, FreeMode, 74.98, 0.0481332, 0.05000001, -0.02279502, 0, False, 0
523, directional, FreeMode, 75, 0.04813323, 0.05000001, -0.02279502, 0, False, 0
524, directional, FreeMode, 75.02, 0.04813326, 0.05000001, -0.02279503, 0, False, 0
525, directional, FreeMode, 75.04, 0.04813328, 0.05000001, -0.02279503, 0, False, 0
526, directional, FreeMode, 75.06, 0.04813331, 0.05000001, -0.02279503, 0, False, 0
527, directional, FreeMode, 75.08, 0.04813334, 0.05000001, -0.02279503, 0, False, 0
528, directional, FreeMode, 75.1, 0.04813336, 0.05000001, -0.02279503, 0, False, 0
529, directional, FreeMode, 75.12, 0.04813339, 0.05000001, -0.02279504, 0, False, 0
530, directional, FreeMode, 75.14, 0.04813341, 0.05000001, -0.02279504, 0, False, 0
531, directional, FreeMode, 75.16, 0.04813344, 0.05000001, -0.02279504, 0, False, 0
532, directional, FreeMode, 75.18, 0.04813346, 0.05000001, -0.02279504, 0, False, 0
533, directional, FreeMode, 75.2, 0.04813348, 0.05000001, -0.02279504, 0, False, 0
534, directional, FreeMode, 75.22, 0.0481335, 0.05000001, -0.02279504, 0, False, 0
535, directional, FreeMode, 75.24, 0.04813353, 0.05000001, -0.02279504, 0, False, 0
536, directional, FreeMode, 75.25999, 0.04813355, 0.05000001, -0.02279504, 0, False, 0
537, directional, FreeMode, 75.28, 0.04813357, 0.05000001, -0.02279504, 0, False, 0
538, directional, FreeMode, 75.3, 0.04813359, 0.05000001, -0.02279504, 0, False, 0
539, directional, FreeMode, 75.32, 0.04813361, 0.05000001, -0.02279504, 0, False, 0
540, directional, FreeMode, 75.34, 0.04813363, 0.05000001, -0.02279504, 0, False, 0
541, directional, FreeMode, 75.36, 0.04813365, 0.05000001, -0.02279504, 0, False, 0
542, directional, FreeMode, 75.38, 0.04813367, 0.05000001, -0.02279503, 0, False, 0
543, directional, FreeMode, 75.4, 0.04813369, 0.05000001, -0.02279503, 0, False, 0
544, directional, FreeMode, 75.42, 0.0481337, 0.05000001, -0.02279503, 0, False, 0
545, directional, FreeMode, 75.43999, 0.04813372, 0.05000001, -0.02279503, 0, False, 0
546, directional, FreeMode, 75.46, 0.04813374, 0.05000001, -0.02279503, 0, False, 0
547, directional, FreeMode, 75.48, 0.04813376, 0.05000001, -0.02279503, 0, False, 0
548, directional, FreeMode, 75.5, 0.04813378, 0.05000001, -0.02279502, 0, False, 0
549, directional, FreeMode, 75.52, 0.04813379, 0.05000001, -0.02279502, 0, False, 0
550, directional, FreeMode, 75.54, 0.04813381, 0.05000001, -0.02279502, 0, False, 0
551, directional, FreeMode, 75.56, 0.04813382, 0.05000001, -0.02279502, 0, False, 0
552, directional, FreeMode, 75.58, 0.04813384, 0.05000001, -0.02279501, 0, False, 0
553, directional, FreeMode, 75.6, 0.04813385, 0.05000001, -0.02279501, 0, False, 0
554, directional, FreeMode, 75.62, 0.04813386, 0.05000001, -0.022795, 0, False, 0
555, directional, FreeMode, 75.64, 0.04813388, 0.05000001, -0.022795, 0, False, 0
556, directional, FreeMode, 75.66, 0.04813389, 0.05000001, -0.022795, 0, False, 0
557, directional, FreeMode, 75.68, 0.04813391, 0.05000001, -0.02279499, 0, False, 0
558, directional, FreeMode, 75.7, 0.04813392, 0.05000001, -0.02279499, 0, False, 0
559, directional, FreeMode, 75.72, 0.04813394, 0.05000001, -0.02279499, 0, False, 0
560, directional, FreeMode, 75.74, 0.04813395, 0.05000001, -0.02279498, 0, False, 0
561, directional, FreeMode, 75.75999, 0.04813396, 0.05000001, -0.02279498, 0, False, 0
562, directional, FreeMode, 75.78, 0.04813397, 0.05000001, -0.02279497, 0, False, 0
563, directional, FreeMode, 75.8, 0.04813398, 0.05000001, -0.02279497, 0, False, 0
564, directional, FreeMode, 75.82, 0.04813399, 0.05000001, -0.02279496, 0, False, 0
565, directional, FreeMode, 75.84, 0.048134, 0.05000001, -0.02279496, 0, False, 0
566, directional, FreeMode, 75.86, 0.04813401, 0.05000001, -0.02279495, 0, False, 0
567, directional, FreeMode, 75.88, 0.04813403, 0.05000001, -0.02279495, 0, False, 0
568, directional, FreeMode, 75.9, 0.04813404, 0.05000001, -0.02279494, 0, False, 0
569, directional, FreeMode, 75.92, 0.04813405, 0.05000001, -0.02279494, 0, False, 0
570, directional, FreeMode, 75.93999, 0.04813406, 0.05000001, -0.02279493, 0, False, 0
571, directional, FreeMode, 75.96, 0.04813407, 0.05000001, -0.02279492, 0, False, 0
572, directional, FreeMode, 75.98, 0.04813408, 0.05000001, -0.02279492, 0, False, 0
573, directional, FreeMode, 76, 0.04813409, 0.05000001, -0.02279491, 0, False, 0
574, directional, FreeMode, 76.02, 0.0481341, 0.05000001, -0.02279491, 0, False, 0
575, directional, FreeMode, 76.04, 0.04813411, 0.05000001, -0.0227949, 0, False, 0
576, directional, FreeMode, 76.06, 0.04813411, 0.05000001, -0.0227949, 0, False, 0
577, directional, FreeMode, 76.08, 0.04813412, 0.05000001, -0.02279489, 0, False, 0
578, directional, FreeMode, 76.1, 0.04813413, 0.05000001, -0.02279489, 0, False, 0
579, directional, FreeMode, 76.12, 0.04813414, 0.05000001, -0.02279488, 0, False, 0
580, directional, FreeMode, 76.14, 0.04813414, 0.05000001, -0.02279487, 0, False, 0
581, directional, FreeMode, 76.16, 0.04813415, 0.05000001, -0.02279487, 0, False, 0
582, directional, FreeMode, 76.18, 0.04813416, 0.05000001, -0.02279486, 0, False, 0
583, directional, FreeMode, 76.2, 0.04813417, 0.05000001, -0.02279485, 0, False, 0
584, directional, FreeMode, 76.22, 0.04813417, 0.05000001, -0.02279484, 0, False, 0
585, directional, FreeMode, 76.24, 0.04813418, 0.05000001, -0.02279484, 0, False, 0
586, directional, FreeMode, 76.25999, 0.04813419, 0.05000001, -0.02279483, 0, False, 0
587, directional, FreeMode, 76.28, 0.0481342, 0.05000001, -0.02279482, 0, False, 0
588, directional, FreeMode, 76.3, 0.0481342, 0.05000001, -0.02279481, 0, False, 0
589, directional, FreeMode, 76.32, 0.04813421, 0.05000001, -0.02279481, 0, False, 0
590, directional, FreeMode, 76.34, 0.04813422, 0.05000001, -0.0227948, 0, False, 0
591, directional, FreeMode, 76.36, 0.04813423, 0.05000001, -0.02279479, 0, False, 0
592, directional, FreeMode, 76.38, 0.04813423, 0.05000001, -0.02279478, 0, False, 0
593, directional, FreeMode, 76.4, 0.04813424, 0.05000001, -0.02279478, 0, False, 0
594, directional, FreeMode, 76.42, 0.04813425, 0.05000001, -0.02279477, 0, False, 0
595, directional, FreeMode, 76.43999, 0.04813426, 0.05000001, -0.02279476, 0, False, 0
596, directional, FreeMode, 76.46, 0.04813426, 0.05000001, -0.02279476, 0, False, 0
597, directional, FreeMode, 76.48, 0.04813426, 0.05000001, -0.02279475, 0, False, 0
598, directional, FreeMode, 76.5, 0.04813427, 0.05000001, -0.02279474, 0, False, 0
599, directional, FreeMode, 76.52, 0.04813427, 0.05000001, -0.02279473, 0, False, 0
600, directional, FreeMode, 76.54, 0.04813427, 0.05000001, -0.02279473, 0, False, 0
601, directional, FreeMode, 76.56, 0.04813428, 0.05000001, -0.02279472, 0, False, 0
602, directional, FreeMode, 76.58, 0.04813428, 0.05000001, -0.02279471, 0, False, 0
603, directional, FreeMode, 76.6, 0.04813429, 0.05000001, -0.0227947, 0, False, 0
604, directional, FreeMode, 76.62, 0.04813429, 0.05000001, -0.0227947, 0, False, 0
605, directional, FreeMode, 76.64, 0.04813429, 0.05000001, -0.02279469, 0, False, 0
606, directional, FreeMode, 76.66, 0.0481343, 0.05000001, -0.02279468, 0, False, 0
607, directional, FreeMode, 76.68, 0.0481343, 0.05000001, -0.02279467, 0, False, 0
608, directional, FreeMode, 76.7, 0.0481343, 0.05000001, -0.02279466, 0, False, 0
609, directional, FreeMode, 76.72, 0.04813431, 0.05000001, -0.02279465, 0, False, 0
610, directional, FreeMode, 76.74, 0.04813431, 0.05000001, -0.02279465, 0, False, 0
611, directional, FreeMode, 76.75999, 0.04813432, 0.05000001, -0.02279464, 0, False, 0
612, directional, FreeMode, 76.78, 0.04813432, 0.05000001, -0.02279463, 0, False, 0
613, directional, FreeMode, 76.8, 0.04813432, 0.05000001, -0.02279462, 0, False, 0
614, directional, FreeMode, 76.82, 0.04813433, 0.05000001, -0.02279461, 0, False, 0
615, directional, FreeMode, 76.84, 0.04813433, 0.05000001, -0.0227946, 0, False, 0
616, directional, FreeMode, 76.86, 0.04813433, 0.05000001, -0.02279459, 0, False, 0
617, directional, FreeMode, 76.88, 0.04813434, 0.05000001, -0.02279458, 0, False, 0
618, directional, FreeMode, 76.9, 0.04813434, 0.05000001, -0.02279457, 0, False, 0
619, directional, FreeMode, 76.92, 0.04813435, 0.05000001, -0.02279456, 0, False, 0
620, directional, FreeMode, 76.93999, 0.04813435, 0.05000001, -0.02279455, 0, False, 0
621, directional, FreeMode, 76.96, 0.04813435, 0.05000001, -0.02279454, 0, False, 0
622, directional, FreeMode, 76.98, 0.04813436, 0.05000001, -0.02279453, 0, False, 0
623, directional, FreeMode, 77, 0.04813436, 0.05000001, -0.02279452, 0, False, 0
624, directional, FreeMode, 77.02, 0.04813436, 0.05000001, -0.02279451, 0, False, 0
625, directional, FreeMode, 77.04, 0.04813437, 0.05000001, -0.02279451, 0, False, 0
626, directional, FreeMode, 77.06, 0.04813437, 0.05000001, -0.0227945, 0, False, 0
627, directional, FreeMode, 77.08, 0.04813438, 0.05000001, -0.02279449, 0, False, 0
628, directional, FreeMode, 77.1, 0.04813438, 0.05000001, -0.02279448, 0, False, 0
629, directional, FreeMode, 77.12, 0.04813438, 0.05000001, -0.02279447, 0, False, 0
630, directional, FreeMode, 77.14, 0.04813439, 0.05000001, -0.02279446, 0, False, 0
631, directional, FreeMode, 77.16, 0.04813439, 0.05000001, -0.02279445, 0, False, 0
632, directional, FreeMode, 77.18, 0.04813439, 0.05000001, -0.02279444, 0, False, 0
633, directional, FreeMode, 77.2, 0.04813439, 0.05000001, -0.02279443, 0, False, 0
634, directional, FreeMode, 77.22, 0.04813439, 0.05000001, -0.02279442, 0, False, 0
635, directional, FreeMode, 77.24, 0.04813439, 0.05000001, -0.02279441, 0, False, 0
636, directional, FreeMode, 77.25999, 0.04813439, 0.05000001, -0.0227944, 0, False, 0
637, directional, FreeMode, 77.28, 0.04813439, 0.05000001, -0.02279439, 0, False, 0
638, directional, FreeMode, 77.3, 0.04813439, 0.05000001, -0.02279438, 0, False, 0
639, directional, FreeMode, 77.32, 0.04813439, 0.05000001, -0.02279438, 0, False, 0
640, directional, FreeMode, 77.34, 0.04813439, 0.05000001, -0.02279437, 0, False, 0
641, directional, FreeMode, 77.36, 0.04813439, 0.05000001, -0.02279436, 0, False, 0
642, directional, FreeMode, 77.38, 0.04813439, 0.05000001, -0.02279435, 0, False, 0
643, directional, FreeMode, 77.4, 0.04813439, 0.05000001, -0.02279434, 0, False, 0
644, directional, FreeMode, 77.42, 0.04813439, 0.05000001, -0.02279433, 0, False, 0
645, directional, FreeMode, 77.43999, 0.04813439, 0.05000001, -0.02279432, 0, False, 0
646, directional, FreeMode, 77.46, 0.04813439, 0.05000001, -0.02279431, 0, False, 0
647, directional, FreeMode, 77.48, 0.04813439, 0.05000001, -0.0227943, 0, False, 0
648, directional, FreeMode, 77.5, 0.04813439, 0.05000001, -0.02279429, 0, False, 0
649, directional, FreeMode, 77.52, 0.04813439, 0.05000001, -0.02279428, 0, False, 0
650, directional, FreeMode, 77.54, 0.04813439, 0.05000001, -0.02279427, 0, False, 0
651, directional, FreeMode, 77.56, 0.04813439, 0.05000001, -0.02279426, 0, False, 0
652, directional, FreeMode, 77.58, 0.04813439, 0.05000001, -0.02279425, 0, False, 0
653, directional, FreeMode, 77.6, 0.04813439, 0.05000001, -0.02279424, 0, False, 0
654, directional, FreeMode, 77.62, 0.04813439, 0.05000001, -0.02279424, 0, False, 0
655, directional, FreeMode, 77.64, 0.04813439, 0.05000001, -0.02279423, 0, False, 0
656, directional, FreeMode, 77.66, 0.04813439, 0.05000001, -0.02279422, 0, False, 0
657, directional, FreeMode, 77.68, 0.04813439, 0.05000001, -0.02279421, 0, False, 0
658, directional, FreeMode, 77.7, 0.04813439, 0.05000001, -0.0227942, 0, False, 0
659, directional, FreeMode, 77.72, 0.04813439, 0.05000001, -0.02279419, 0, False, 0
660, directional, FreeMode, 77.74, 0.04813439, 0.05000001, -0.02279418, 0, False, 0
661, directional, FreeMode, 77.75999, 0.04813439, 0.05000001, -0.02279417, 0, False, 0
662, directional, FreeMode, 77.78, 0.04813439, 0.05000001, -0.02279416, 0, False, 0
663, directional, FreeMode, 77.8, 0.04813439, 0.05000001, -0.02279415, 0, False, 0
664, directional, FreeMode, 77.82, 0.04813439, 0.05000001, -0.02279414, 0, False, 0
665, directional, FreeMode, 77.84, 0.04813439, 0.05000001, -0.02279413, 0, False, 0
666, directional, FreeMode, 77.86, 0.04813439, 0.05000001, -0.02279412, 0, False, 0
667, directional, FreeMode, 77.88, 0.04813439, 0.05000001, -0.02279411, 0, False, 0
668, directional, FreeMode, 77.9, 0.04813439, 0.05000001, -0.02279411, 0, False, 0
669, directional, FreeMode, 77.92, 0.04813439, 0.05000001, -0.0227941, 0, False, 0
670, directional, FreeMode, 77.93999, 0.04813439, 0.05000001, -0.02279408, 0, False, 0
671, directional, FreeMode, 77.96, 0.04813439, 0.05000001, -0.02279407, 0, False, 0
672, directional, FreeMode, 77.98, 0.04813439, 0.05000001, -0.02279406, 0, False, 0
673, directional, FreeMode, 78, 0.04813439, 0.05000001, -0.02279405, 0, False, 0
674, directional, FreeMode, 78.02, 0.04813439, 0.05000001, -0.02279404, 0, False, 0
675, directional, FreeMode, 78.04, 0.04813439, 0.05000001, -0.02279403, 0, False, 0
676, directional, FreeMode, 78.06, 0.04813439, 0.05000001, -0.02279402, 0, False, 0
677, directional, FreeMode, 78.08, 0.04813439, 0.05000001, -0.02279401, 0, False, 0
678, directional, FreeMode, 78.1, 0.04813439, 0.05000001, -0.022794, 0, False, 0
679, directional, FreeMode, 78.12, 0.04813439, 0.05000001, -0.02279398, 0, False, 0
680, directional, FreeMode, 78.14, 0.04813439, 0.05000001, -0.02279397, 0, False, 0
681, directional, FreeMode, 78.16, 0.04813439, 0.05000001, -0.02279396, 0, False, 0
682, directional, FreeMode, 78.18, 0.04813439, 0.05000001, -0.02279395, 0, False, 0
683, directional, FreeMode, 78.2, 0.04813439, 0.05000001, -0.02279394, 0, False, 0
684, directional, FreeMode, 78.22, 0.04813439, 0.05000001, -0.02279393, 0, False, 0
685, directional, FreeMode, 78.24, 0.04813439, 0.05000001, -0.02279392, 0, False, 0
686, directional, FreeMode, 78.25999, 0.04813439, 0.05000001, -0.02279391, 0, False, 0
687, directional, FreeMode, 78.28, 0.04813439, 0.05000001, -0.02279389, 0, False, 0
688, directional, FreeMode, 78.3, 0.04813439, 0.05000001, -0.02279388, 0, False, 0
689, directional, FreeMode, 78.32, 0.04813439, 0.05000001, -0.02279387, 0, False, 0
690, directional, FreeMode, 78.34, 0.04813439, 0.05000001, -0.02279386, 0, False, 0
691, directional, FreeMode, 78.36, 0.04813439, 0.05000001, -0.02279385, 0, False, 0
692, directional, FreeMode, 78.38, 0.04813439, 0.05000001, -0.02279384, 0, False, 0
693, directional, FreeMode, 78.4, 0.04813439, 0.05000001, -0.02279383, 0, False, 0
694, directional, FreeMode, 78.42, 0.04813439, 0.05000001, -0.02279382, 0, False, 0
695, directional, FreeMode, 78.43999, 0.04813439, 0.05000001, -0.02279381, 0, False, 0
696, directional, FreeMode, 78.46, 0.04813439, 0.05000001, -0.02279379, 0, False, 0
697, directional, FreeMode, 78.48, 0.04813439, 0.05000001, -0.02279378, 0, False, 0
698, directional, FreeMode, 78.5, 0.04813439, 0.05000001, -0.02279377, 0, False, 0
699, directional, FreeMode, 78.52, 0.04813439, 0.05000001, -0.02279376, 0, False, 0
700, directional, FreeMode, 78.54, 0.04813439, 0.05000001, -0.02279375, 0, False, 0
701, directional, FreeMode, 78.56, 0.04813439, 0.05000001, -0.02279374, 0, False, 0
702, directional, FreeMode, 78.58, 0.04813439, 0.05000001, -0.02279373, 0, False, 0
703, directional, FreeMode, 78.6, 0.04813439, 0.05000001, -0.02279372, 0, False, 0
704, directional, FreeMode, 78.62, 0.04813439, 0.05000001, -0.0227937, 0, False, 0
705, directional, FreeMode, 78.64, 0.04813439, 0.05000001, -0.02279369, 0, False, 0
706, directional, FreeMode, 78.66, 0.04813439, 0.05000001, -0.02279368, 0, False, 0
707, directional, FreeMode, 78.68, 0.04813439, 0.05000001, -0.02279367, 0, False, 0
708, directional, FreeMode, 78.7, 0.04813439, 0.05000001, -0.02279366, 0, False, 0
709, directional, FreeMode, 78.72, 0.04813439, 0.05000001, -0.02279365, 0, False, 0
710, directional, FreeMode, 78.74, 0.04813439, 0.05000001, -0.02279364, 0, False, 0
711, directional, FreeMode, 78.75999, 0.04813439, 0.05000001, -0.02279363, 0, False, 0
712, directional, FreeMode, 78.78, 0.04813439, 0.05000001, -0.02279362, 0, False, 0
713, directional, FreeMode, 78.8, 0.04813439, 0.05000001, -0.0227936, 0, False, 0
714, directional, FreeMode, 78.82, 0.04813439, 0.05000001, -0.02279359, 0, False, 0
715, directional, FreeMode, 78.84, 0.04813439, 0.05000001, -0.02279358, 0, False, 0
716, directional, FreeMode, 78.86, 0.04813439, 0.05000001, -0.02279357, 0, False, 0
717, directional, FreeMode, 78.88, 0.04813439, 0.05000001, -0.02279356, 0, False, 0
718, directional, FreeMode, 78.9, 0.04813439, 0.05000001, -0.02279355, 0, False, 0
719, directional, FreeMode, 78.92, 0.04813439, 0.05000001, -0.02279354, 0, False, 0
720, directional, FreeMode, 78.93999, 0.04813439, 0.05000001, -0.02279353, 0, False, 0
721, directional, FreeMode, 78.96, 0.04813439, 0.05000001, -0.02279351, 0, False, 0
722, directional, FreeMode, 78.98, 0.04813439, 0.05000001, -0.0227935, 0, False, 0
723, directional, FreeMode, 79, 0.04813439, 0.05000001, -0.02279349, 0, False, 0
724, directional, FreeMode, 79.02, 0.04813439, 0.05000001, -0.02279348, 0, False, 0
725, directional, FreeMode, 79.04, 0.04813439, 0.05000001, -0.02279347, 0, False, 0
726, directional, FreeMode, 79.06, 0.04813439, 0.05000001, -0.02279346, 0, False, 0
727, directional, FreeMode, 79.08, 0.04813439, 0.05000001, -0.02279345, 0, False, 0
728, directional, FreeMode, 79.1, 0.04813439, 0.05000001, -0.02279344, 0, False, 0
729, directional, FreeMode, 79.12, 0.04813439, 0.05000001, -0.02279343, 0, False, 0
730, directional, FreeMode, 79.14, 0.04813439, 0.05000001, -0.02279341, 0, False, 0
731, directional, FreeMode, 79.16, 0.04813439, 0.05000001, -0.0227934, 0, False, 0
732, directional, FreeMode, 79.18, 0.04813439, 0.05000001, -0.02279339, 0, False, 0
733, directional, FreeMode, 79.2, 0.04813439, 0.05000001, -0.02279338, 0, False, 0
734, directional, FreeMode, 79.22, 0.04813439, 0.05000001, -0.02279337, 0, False, 0
735, directional, FreeMode, 79.24, 0.04813439, 0.05000001, -0.02279336, 0, False, 0
736, directional, FreeMode, 79.25999, 0.04813439, 0.05000001, -0.02279335, 0, False, 0
737, directional, FreeMode, 79.28, 0.04813439, 0.05000001, -0.02279334, 0, False, 0
738, directional, FreeMode, 79.3, 0.04813439, 0.05000001, -0.02279332, 0, False, 0
739, directional, FreeMode, 79.32, 0.04813439, 0.05000001, -0.02279331, 0, False, 0
740, directional, FreeMode, 79.34, 0.04813439, 0.05000001, -0.0227933, 0, False, 0
741, directional, FreeMode, 79.36, 0.04813439, 0.05000001, -0.02279329, 0, False, 0
742, directional, FreeMode, 79.38, 0.04813439, 0.05000001, -0.02279328, 0, False, 0
743, directional, FreeMode, 79.4, 0.04813439, 0.05000001, -0.02279327, 0, False, 0
744, directional, FreeMode, 79.42, 0.04813439, 0.05000001, -0.02279326, 0, False, 0
745, directional, FreeMode, 79.43999, 0.04813439, 0.05000001, -0.02279325, 0, False, 0
746, directional, FreeMode, 79.46, 0.04813439, 0.05000001, -0.02279324, 0, False, 0
747, directional, FreeMode, 79.48, 0.04813439, 0.05000001, -0.02279322, 0, False, 0
748, directional, FreeMode, 79.5, 0.04813439, 0.05000001, -0.02279321, 0, False, 0
749, directional, FreeMode, 79.52, 0.04813439, 0.05000001, -0.0227932, 0, False, 0
750, directional, FreeMode, 79.54, 0.04813439, 0.05000001, -0.02279319, 0, False, 0
751, directional, FreeMode, 79.56, 0.04813439, 0.05000001, -0.02279318, 0, False, 0
752, directional, FreeMode, 79.58, 0.04813439, 0.05000001, -0.02279317, 0, False, 0
753, directional, FreeMode, 79.6, 0.04813439, 0.05000001, -0.02279316, 0, False, 0
754, directional, FreeMode, 79.62, 0.04813439, 0.05000001, -0.02279315, 0, False, 0
755, directional, FreeMode, 79.64, 0.04813439, 0.05000001, -0.02279313, 0, False, 0
756, directional, FreeMode, 79.66, 0.04813439, 0.05000001, -0.02279312, 0, False, 0
757, directional, FreeMode, 79.68, 0.04813439, 0.05000001, -0.02279311, 0, False, 0
758, directional, FreeMode, 79.7, 0.04813439, 0.05000001, -0.0227931, 0, False, 0
759, directional, FreeMode, 79.72, 0.04813439, 0.05000001, -0.02279309, 0, False, 0
760, directional, FreeMode, 79.74, 0.04813439, 0.05000001, -0.02279308, 0, False, 0
761, directional, FreeMode, 79.75999, 0.04813439, 0.05000001, -0.02279307, 0, False, 0
762, directional, FreeMode, 79.78, 0.04813439, 0.05000001, -0.02279306, 0, False, 0
763, directional, FreeMode, 79.8, 0.04813439, 0.05000001, -0.02279305, 0, False, 0
764, directional, FreeMode, 79.82, 0.04813439, 0.05000001, -0.02279303, 0, False, 0
765, directional, FreeMode, 79.84, 0.04813439, 0.05000001, -0.02279302, 0, False, 0
766, directional, FreeMode, 79.86, 0.04813439, 0.05000001, -0.02279301, 0, False, 0
767, directional, FreeMode, 79.88, 0.04813439, 0.05000001, -0.022793, 0, False, 0
768, directional, FreeMode, 79.9, 0.04813439, 0.05000001, -0.02279299, 0, False, 0
769, directional, FreeMode, 79.92, 0.04813439, 0.05000001, -0.02279298, 0, False, 0
770, directional, FreeMode, 79.93999, 0.04813439, 0.05000001, -0.02279297, 0, False, 0
771, directional, FreeMode, 79.96, 0.04813439, 0.05000001, -0.02279296, 0, False, 0
772, directional, FreeMode, 79.98, 0.04813439, 0.05000001, -0.02279294, 0, False, 0
773, directional, FreeMode, 80, 0.04813439, 0.05000001, -0.02279293, 0, False, 0
774, directional, FreeMode, 80.02, 0.04813439, 0.05000001, -0.02279292, 0, False, 0
775, directional, FreeMode, 80.04, 0.04813439, 0.05000001, -0.02279291, 0, False, 0
776, directional, FreeMode, 80.06, 0.04813439, 0.05000001, -0.0227929, 0, False, 0
777, directional, FreeMode, 80.08, 0.04813439, 0.05000001, -0.02279289, 0, False, 0
778, directional, FreeMode, 80.1, 0.04813439, 0.05000001, -0.02279288, 0, False, 0
779, directional, FreeMode, 80.12, 0.04813439, 0.05000001, -0.02279287, 0, False, 0
780, directional, FreeMode, 80.14, 0.04813439, 0.05000001, -0.02279286, 0, False, 0
781, directional, FreeMode, 80.16, 0.04813439, 0.05000001, -0.02279284, 0, False, 0
782, directional, FreeMode, 80.18, 0.04813439, 0.05000001, -0.02279283, 0, False, 0
783, directional, FreeMode, 80.2, 0.04813439, 0.05000001, -0.02279282, 0, False, 0
784, directional, FreeMode, 80.22, 0.04813439, 0.05000001, -0.02279281, 0, False, 0
785, directional, FreeMode, 80.24, 0.04813439, 0.05000001, -0.0227928, 0, False, 0
786, directional, FreeMode, 80.25999, 0.04813439, 0.05000001, -0.02279279, 0, False, 0
787, directional, FreeMode, 80.28, 0.04813439, 0.05000001, -0.02279278, 0, False, 0
788, directional, FreeMode, 80.3, 0.04813439, 0.05000001, -0.02279277, 0, False, 0
789, directional, FreeMode, 80.32, 0.04813439, 0.05000001, -0.02279275, 0, False, 0
790, directional, FreeMode, 80.34, 0.04813439, 0.05000001, -0.02279274, 0, False, 0
791, directional, FreeMode, 80.36, 0.04813439, 0.05000001, -0.02279273, 0, False, 0
792, directional, FreeMode, 80.38, 0.04813439, 0.05000001, -0.02279272, 0, False, 0
793, directional, FreeMode, 80.4, 0.04813439, 0.05000001, -0.02279271, 0, False, 0
794, directional, FreeMode, 80.42, 0.04813439, 0.05000001, -0.0227927, 0, False, 0
795, directional, FreeMode, 80.43999, 0.04813439, 0.05000001, -0.02279269, 0, False, 0
796, directional, FreeMode, 80.46, 0.04813439, 0.05000001, -0.02279268, 0, False, 0
797, directional, FreeMode, 80.48, 0.04813439, 0.05000001, -0.02279267, 0, False, 0
798, directional, FreeMode, 80.5, 0.04813439, 0.05000001, -0.02279265, 0, False, 0
799, directional, FreeMode, 80.52, 0.04813439, 0.05000001, -0.02279264, 0, False, 0
800, directional, FreeMode, 80.54, 0.04813439, 0.05000001, -0.02279263, 0, False, 0
801, directional, FreeMode, 80.56, 0.04813439, 0.05000001, -0.02279262, 0, False, 0
802, directional, FreeMode, 80.58, 0.04813439, 0.05000001, -0.02279261, 0, False, 0
803, directional, FreeMode, 80.6, 0.04813439, 0.05000001, -0.0227926, 0, False, 0
804, directional, FreeMode, 80.62, 0.04813439, 0.05000001, -0.02279259, 0, False, 0
805, directional, FreeMode, 80.64, 0.04813439, 0.05000001, -0.02279258, 0, False, 0
806, directional, FreeMode, 80.66, 0.04813439, 0.05000001, -0.02279256, 0, False, 0
807, directional, FreeMode, 80.68, 0.04813439, 0.05000001, -0.02279255, 0, False, 0
808, directional, FreeMode, 80.7, 0.04813439, 0.05000001, -0.02279254, 0, False, 0
809, directional, FreeMode, 80.72, 0.04813439, 0.05000001, -0.02279253, 0, False, 0
810, directional, FreeMode, 80.74, 0.04813439, 0.05000001, -0.02279252, 0, False, 0
811, directional, FreeMode, 80.75999, 0.04813439, 0.05000001, -0.02279251, 0, False, 0
812, directional, FreeMode, 80.78, 0.04813439, 0.05000001, -0.0227925, 0, False, 0
813, directional, FreeMode, 80.8, 0.04813439, 0.05000001, -0.02279249, 0, False, 0
814, directional, FreeMode, 80.82, 0.04813439, 0.05000001, -0.02279248, 0, False, 0
815, directional, FreeMode, 80.84, 0.04813439, 0.05000001, -0.02279246, 0, False, 0
816, directional, FreeMode, 80.86, 0.04813439, 0.05000001, -0.02279245, 0, False, 0
817, directional, FreeMode, 80.88, 0.04813439, 0.05000001, -0.02279244, 0, False, 0
818, directional, FreeMode, 80.9, 0.04813439, 0.05000001, -0.02279243, 0, False, 0
819, directional, FreeMode, 80.92, 0.04813439, 0.05000001, -0.02279242, 0, False, 0
820, directional, FreeMode, 80.93999, 0.04813439, 0.05000001, -0.02279241, 0, False, 0
821, directional, FreeMode, 80.96, 0.04813439, 0.05000001, -0.0227924, 0, False, 0
822, directional, FreeMode, 80.98, 0.04813439, 0.05000001, -0.02279239, 0, False, 0
823, directional, FreeMode, 81, 0.04813439, 0.05000001, -0.02279237, 0, False, 0
824, directional, FreeMode, 81.02, 0.04813439, 0.05000001, -0.02279236, 0, False, 0
825, directional, FreeMode, 81.04, 0.04813439, 0.05000001, -0.02279235, 0, False, 0
826, directional, FreeMode, 81.06, 0.04813439, 0.05000001, -0.02279234, 0, False, 0
827, directional, FreeMode, 81.08, 0.04813439, 0.05000001, -0.02279233, 0, False, 0
828, directional, FreeMode, 81.1, 0.04813439, 0.05000001, -0.02279232, 0, False, 0
829, directional, FreeMode, 81.12, 0.04813439, 0.05000001, -0.02279231, 0, False, 0
830, directional, FreeMode, 81.14, 0.04813439, 0.05000001, -0.0227923, 0, False, 0
831, directional, FreeMode, 81.16, 0.04813439, 0.05000001, -0.02279229, 0, False, 0
832, directional, FreeMode, 81.18, 0.04813439, 0.05000001, -0.02279227, 0, False, 0
833, directional, FreeMode, 81.2, 0.04813439, 0.05000001, -0.02279226, 0, False, 0
834, directional, FreeMode, 81.22, 0.04813439, 0.05000001, -0.02279225, 0, False, 0
835, directional, FreeMode, 81.24, 0.04813439, 0.05000001, -0.02279224, 0, False, 0
836, directional, FreeMode, 81.25999, 0.04813439, 0.05000001, -0.02279223, 0, False, 0
837, directional, FreeMode, 81.28, 0.04813439, 0.05000001, -0.02279222, 0, False, 0
838, directional, FreeMode, 81.3, 0.04813439, 0.05000001, -0.02279221, 0, False, 0
839, directional, FreeMode, 81.32, 0.04813439, 0.05000001, -0.0227922, 0, False, 0
840, directional, FreeMode, 81.34, 0.04813439, 0.05000001, -0.02279218, 0, False, 0
841, directional, FreeMode, 81.36, 0.04813439, 0.05000001, -0.02279217, 0, False, 0
842, directional, FreeMode, 81.38, 0.04813439, 0.05000001, -0.02279216, 0, False, 0
843, directional, FreeMode, 81.4, 0.04813439, 0.05000001, -0.02279215, 0, False, 0
844, directional, FreeMode, 81.42, 0.04813439, 0.05000001, -0.02279214, 0, False, 0
845, directional, FreeMode, 81.43999, 0.04813439, 0.05000001, -0.02279213, 0, False, 0
846, directional, FreeMode, 81.46, 0.04813439, 0.05000001, -0.02279212, 0, False, 0
847, directional, FreeMode, 81.48, 0.04813439, 0.05000001, -0.02279211, 0, False, 0
848, directional, FreeMode, 81.5, 0.04813439, 0.05000001, -0.0227921, 0, False, 0
849, directional, FreeMode, 81.52, 0.04813439, 0.05000001, -0.02279208, 0, False, 0
850, directional, FreeMode, 81.54, 0.04813439, 0.05000001, -0.02279207, 0, False, 0
851, directional, FreeMode, 81.56, 0.04813439, 0.05000001, -0.02279206, 0, False, 0
852, directional, FreeMode, 81.58, 0.04813439, 0.05000001, -0.02279205, 0, False, 0
853, directional, FreeMode, 81.6, 0.04813439, 0.05000001, -0.02279204, 0, False, 0
854, directional, FreeMode, 81.62, 0.04813439, 0.05000001, -0.02279203, 0, False, 0
855, directional, FreeMode, 81.64, 0.04813439, 0.05000001, -0.02279202, 0, False, 0
856, directional, FreeMode, 81.66, 0.04813439, 0.05000001, -0.02279201, 0, False, 0
857, directional, FreeMode, 81.68, 0.04813439, 0.05000001, -0.02279199, 0, False, 0
858, directional, FreeMode, 81.7, 0.04813439, 0.05000001, -0.02279198, 0, False, 0
859, directional, FreeMode, 81.72, 0.04813439, 0.05000001, -0.02279197, 0, False, 0
860, directional, FreeMode, 81.74, 0.04813439, 0.05000001, -0.02279196, 0, False, 0
861, directional, FreeMode, 81.75999, 0.04813439, 0.05000001, -0.02279195, 0, False, 0
862, directional, FreeMode, 81.78, 0.04813439, 0.05000001, -0.02279194, 0, False, 0
863, directional, FreeMode, 81.8, 0.04813439, 0.05000001, -0.02279193, 0, False, 0
864, directional, FreeMode, 81.82, 0.04813439, 0.05000001, -0.02279192, 0, False, 0
865, directional, FreeMode, 81.84, 0.04813439, 0.05000001, -0.02279191, 0, False, 0
866, directional, FreeMode, 81.86, 0.04813439, 0.05000001, -0.02279189, 0, False, 0
867, directional, FreeMode, 81.88, 0.04813439, 0.05000001, -0.02279188, 0, False, 0
868, directional, FreeMode, 81.9, 0.04813439, 0.05000001, -0.02279187, 0, False, 0
869, directional, FreeMode, 81.92, 0.04813439, 0.05000001, -0.02279186, 0, False, 0
870, directional, FreeMode, 81.93999, 0.04813439, 0.05000001, -0.02279185, 0, False, 0
871, directional, FreeMode, 81.96, 0.04813439, 0.05000001, -0.02279184, 0, False, 0
872, directional, FreeMode, 81.98, 0.04813439, 0.05000001, -0.02279183, 0, False, 0
873, directional, FreeMode, 82, 0.04813439, 0.05000001, -0.02279182, 0, False, 0
874, directional, FreeMode, 82.02, 0.04813439, 0.05000001, -0.0227918, 0, False, 0
875, directional, FreeMode, 82.04, 0.04813439, 0.05000001, -0.02279179, 0, False, 0
876, directional, FreeMode, 82.06, 0.04813439, 0.05000001, -0.02279178, 0, False, 0
877, directional, FreeMode, 82.08, 0.04813439, 0.05000001, -0.02279177, 0, False, 0
878, directional, FreeMode, 82.1, 0.04813439, 0.05000001, -0.02279176, 0, False, 0
879, directional, FreeMode, 82.12, 0.04813439, 0.05000001, -0.02279175, 0, False, 0
880, directional, FreeMode, 82.14, 0.04813439, 0.05000001, -0.02279174, 0, False, 0
881, directional, FreeMode, 82.16, 0.04813439, 0.05000001, -0.02279173, 0, False, 0
882, directional, FreeMode, 82.18, 0.04813439, 0.05000001, -0.02279172, 0, False, 0
883, directional, FreeMode, 82.2, 0.04813439, 0.05000001, -0.0227917, 0, False, 0
884, directional, FreeMode, 82.22, 0.04813439, 0.05000001, -0.02279169, 0, False, 0
885, directional, FreeMode, 82.24, 0.04813439, 0.05000001, -0.02279168, 0, False, 0
886, directional, FreeMode, 82.25999, 0.04813439, 0.05000001, -0.02279167, 0, False, 0
887, directional, FreeMode, 82.28, 0.04813439, 0.05000001, -0.02279166, 0, False, 0
888, directional, FreeMode, 82.3, 0.04813439, 0.05000001, -0.02279165, 0, False, 0
889, directional, FreeMode, 82.32, 0.04813439, 0.05000001, -0.02279164, 0, False, 0
890, directional, FreeMode, 82.34, 0.04813439, 0.05000001, -0.02279163, 0, False, 0
891, directional, FreeMode, 82.36, 0.04813439, 0.05000001, -0.02279161, 0, False, 0
892, directional, FreeMode, 82.38, 0.04813439, 0.05000001, -0.0227916, 0, False, 0
893, directional, FreeMode, 82.4, 0.04813439, 0.05000001, -0.02279159, 0, False, 0
894, directional, FreeMode, 82.42, 0.04813439, 0.05000001, -0.02279158, 0, False, 0
895, directional, FreeMode, 82.43999, 0.04813439, 0.05000001, -0.02279157, 0, False, 0
896, directional, FreeMode, 82.46, 0.04813439, 0.05000001, -0.02279156, 0, False, 0
897, directional, FreeMode, 82.48, 0.04813439, 0.05000001, -0.02279155, 0, False, 0
898, directional, FreeMode, 82.5, 0.04813439, 0.05000001, -0.02279154, 0, False, 0
899, directional, FreeMode, 82.52, 0.04813439, 0.05000001, -0.02279153, 0, False, 0
900, directional, FreeMode, 82.54, 0.04813439, 0.05000001, -0.02279151, 0, False, 0
901, directional, FreeMode, 82.56, 0.04813439, 0.05000001, -0.0227915, 0, False, 0
902, directional, FreeMode, 82.58, 0.04813439, 0.05000001, -0.02279149, 0, False, 0
903, directional, FreeMode, 82.6, 0.04813439, 0.05000001, -0.02279148, 0, False, 0
904, directional, FreeMode, 82.62, 0.04813439, 0.05000001, -0.02279147, 0, False, 0
905, directional, FreeMode, 82.64, 0.04813439, 0.05000001, -0.02279146, 0, False, 0
906, directional, FreeMode, 82.66, 0.04813439, 0.05000001, -0.02279145, 0, False, 0
907, directional, FreeMode, 82.68, 0.04813439, 0.05000001, -0.02279144, 0, False, 0
908, directional, FreeMode, 82.7, 0.04813439, 0.05000001, -0.02279142, 0, False, 0
909, directional, FreeMode, 82.72, 0.04813439, 0.05000001, -0.02279141, 0, False, 0
910, directional, FreeMode, 82.74, 0.04813439, 0.05000001, -0.0227914, 0, False, 0
911, directional, FreeMode, 82.75999, 0.04813439, 0.05000001, -0.02279139, 0, False, 0
912, directional, FreeMode, 82.78, 0.04813439, 0.05000001, -0.02279138, 0, False, 0
913, directional, FreeMode, 82.8, 0.04813439, 0.05000001, -0.02279137, 0, False, 0
914, directional, FreeMode, 82.82, 0.04813439, 0.05000001, -0.02279136, 0, False, 0
915, directional, FreeMode, 82.84, 0.04813439, 0.05000001, -0.02279135, 0, False, 0
916, directional, FreeMode, 82.86, 0.04813439, 0.05000001, -0.02279134, 0, False, 0
917, directional, FreeMode, 82.88, 0.04813439, 0.05000001, -0.02279132, 0, False, 0
918, directional, FreeMode, 82.9, 0.04813439, 0.05000001, -0.02279131, 0, False, 0
919, directional, FreeMode, 82.92, 0.04813439, 0.05000001, -0.0227913, 0, False, 0
920, directional, FreeMode, 82.93999, 0.04813439, 0.05000001, -0.02279129, 0, False, 0
921, directional, FreeMode, 82.96, 0.04813439, 0.05000001, -0.02279128, 0, True, 0
922, directional, FreeMode, 82.98, 0.04814114, 0.05000001, -0.02165913, 0, True, 0
923, directional, FreeMode, 83, 0.04815451, 0.05000001, -0.01941749, 0, True, 0
924, directional, FreeMode, 83.02, 0.04817457, 0.05000001, -0.01605372, 0, True, 0
925, directional, FreeMode, 83.04, 0.04820142, 0.05000001, -0.01155135, 0, True, 0
926, directional, FreeMode, 83.06, 0.04823493, 0.05000001, -0.005933173, 0, True, 0
927, directional, FreeMode, 83.08, 0.04827496, 0.05000001, 0.0007785112, 0, True, 0
928, directional, FreeMode, 83.1, 0.04832137, 0.05000001, 0.00856078, 0, True, 0
929, directional, FreeMode, 83.12, 0.04837479, 0.04999995, 0.01751738, 0, True, 0
930, directional, FreeMode, 83.14, 0.04843507, 0.05000007, 0.02762483, 0, True, 0
931, directional, FreeMode, 83.16, 0.04850208, 0.05000007, 0.03886011, 0, True, 0
932, directional, FreeMode, 83.18, 0.04857573, 0.05000001, 0.05120886, 0, True, 0
933, directional, FreeMode, 83.2, 0.04865627, 0.05000001, 0.0647134, 0, True, 0
934, directional, FreeMode, 83.22, 0.0487441, 0.05000001, 0.0794407, 0, True, 0
935, directional, FreeMode, 83.24, 0.04883908, 0.05000001, 0.09536628, 0, True, 0
936, directional, FreeMode, 83.25999, 0.04894109, 0.05000001, 0.1124707, 0, True, 0
937, directional, FreeMode, 83.28, 0.04904998, 0.05000001, 0.1307304, 0, True, 0
938, directional, FreeMode, 83.3, 0.04916654, 0.05000001, 0.1502732, 0, True, 0
939, directional, FreeMode, 83.32, 0.04929059, 0.05000001, 0.1710734, 0, True, 0
940, directional, FreeMode, 83.34, 0.04942203, 0.05000001, 0.1931121, 0, True, 0
941, directional, FreeMode, 83.36, 0.0495607, 0.05000001, 0.2163647, 0, True, 0
942, directional, FreeMode, 83.38, 0.04970683, 0.05000001, 0.2408666, 0, True, 0
943, directional, FreeMode, 83.4, 0.04986058, 0.05000001, 0.2666465, 0, True, 0
944, directional, FreeMode, 83.42, 0.05002181, 0.05000001, 0.2936807, 0, True, 0
945, directional, FreeMode, 83.43999, 0.05019037, 0.05000001, 0.3219441, 0, True, 0
946, directional, FreeMode, 83.46, 0.05036612, 0.05000001, 0.351412, 0, True, 0
947, directional, FreeMode, 83.48, 0.05054927, 0.05000001, 0.3821225, 0, True, 0
948, directional, FreeMode, 83.5, 0.05073969, 0.05000001, 0.4140508, 0, True, 0
949, directional, FreeMode, 83.52, 0.05093719, 0.04999995, 0.4471669, 0, True, 0
950, directional, FreeMode, 83.54, 0.05114164, 0.04999995, 0.4814471, 0, True, 0
951, directional, FreeMode, 83.56, 0.05135289, 0.04999995, 0.5168682, 0, True, 0
952, directional, FreeMode, 83.58, 0.05157081, 0.05000001, 0.5534067, 0, True, 0
953, directional, FreeMode, 83.6, 0.05179519, 0.04999977, 0.5910298, 0, True, 0
954, directional, FreeMode, 83.62, 0.05202592, 0.04999995, 0.6297157, 0, True, 0
955, directional, FreeMode, 83.64, 0.05226285, 0.04999995, 0.6694434, 0, True, 0
956, directional, FreeMode, 83.66, 0.05250581, 0.05000001, 0.7101809, 0, True, 0
957, directional, FreeMode, 83.68, 0.05275468, 0.05000001, 0.7519079, 0, True, 0
958, directional, FreeMode, 83.7, 0.05300932, 0.05000001, 0.7946048, 0, True, 0
959, directional, FreeMode, 83.72, 0.05326964, 0.05000001, 0.8382521, 0, True, 0
960, directional, FreeMode, 83.74, 0.05353531, 0.05000001, 0.8827972, 0, True, 0
961, directional, FreeMode, 83.75999, 0.05380603, 0.05000001, 0.928189, 0, True, 0
962, directional, FreeMode, 83.78, 0.0540817, 0.05000001, 0.9744105, 0, True, 0
963, directional, FreeMode, 83.8, 0.05436222, 0.05000001, 1.021445, 0, True, 0
964, directional, FreeMode, 83.82, 0.05464749, 0.05000001, 1.069276, 0, True, 0
965, directional, FreeMode, 83.84, 0.05493692, 0.05000001, 1.117805, 0, True, 0
966, directional, FreeMode, 83.86, 0.05523048, 0.05000001, 1.167026, 0, True, 0
967, directional, FreeMode, 83.88, 0.05552808, 0.05000001, 1.216925, 0, True, 0
968, directional, FreeMode, 83.9, 0.05582965, 0.05000001, 1.267489, 0, True, 0
969, directional, FreeMode, 83.92, 0.0561351, 0.05000001, 1.318703, 0, True, 0
970, directional, FreeMode, 83.93999, 0.056444, 0.05000001, 1.370497, 0, True, 0
971, directional, FreeMode, 83.96, 0.05675629, 0.05000001, 1.422858, 0, True, 0
972, directional, FreeMode, 83.98, 0.05707189, 0.05000001, 1.475775, 0, True, 0
973, directional, FreeMode, 84, 0.05739075, 0.05000001, 1.529237, 0, True, 0
974, directional, FreeMode, 84.02, 0.05771259, 0.05000001, 1.5832, 0, True, 0
975, directional, FreeMode, 84.04, 0.05803736, 0.05000001, 1.637655, 0, True, 0
976, directional, FreeMode, 84.06, 0.05836501, 0.05000001, 1.692591, 0, True, 0
977, directional, FreeMode, 84.08, 0.05869547, 0.05000001, 1.747999, 0, True, 0
978, directional, FreeMode, 84.1, 0.05902868, 0.05000001, 1.803868, 0, True, 0
979, directional, FreeMode, 84.12, 0.05936443, 0.05000001, 1.860162, 0, True, 0
980, directional, FreeMode, 84.14, 0.05970267, 0.05000001, 1.916875, 0, True, 0
981, directional, FreeMode, 84.16, 0.06004335, 0.05000001, 1.973996, 0, True, 0
982, directional, FreeMode, 84.18, 0.06038653, 0.05000001, 2.031535, 0, True, 0
983, directional, FreeMode, 84.2, 0.06073192, 0.05000001, 2.089447, 0, True, 0
984, directional, FreeMode, 84.22, 0.06107949, 0.05000001, 2.147723, 0, True, 0
985, directional, FreeMode, 84.24, 0.06142919, 0.05000001, 2.206357, 0, True, 0
986, directional, FreeMode, 84.25999, 0.06178097, 0.05000001, 2.265341, 0, True, 0
987, directional, FreeMode, 84.28, 0.06213482, 0.05000001, 2.32467, 0, True, 0
988, directional, FreeMode, 84.3, 0.06249056, 0.05000001, 2.384316, 0, True, 0
989, directional, FreeMode, 84.32, 0.06284814, 0.05000001, 2.444271, 0, True, 0
990, directional, FreeMode, 84.34, 0.06320754, 0.05000001, 2.50453, 0, True, 0
991, directional, FreeMode, 84.36, 0.06356883, 0.05000001, 2.565107, 0, True, 0
992, directional, FreeMode, 84.38, 0.06393176, 0.05000001, 2.625958, 0, True, 0
993, directional, FreeMode, 84.4, 0.06429628, 0.05000001, 2.687078, 0, True, 0
994, directional, FreeMode, 84.42, 0.06466238, 0.05000001, 2.748461, 0, True, 0
995, directional, FreeMode, 84.43999, 0.06503014, 0.05000001, 2.810122, 0, True, 0
996, directional, FreeMode, 84.46, 0.06539943, 0.05000001, 2.872041, 0, True, 0
997, directional, FreeMode, 84.48, 0.06577011, 0.05000001, 2.934192, 0, True, 0
998, directional, FreeMode, 84.5, 0.06614216, 0.05000001, 2.996573, 0, True, 0
999, directional, FreeMode, 84.52, 0.06651564, 0.05000001, 3.059194, 0, True, 0
1000, directional, FreeMode, 84.54, 0.06689054, 0.05000001, 3.122052, 0, True, 0
1001, directional, FreeMode, 84.56, 0.06726664, 0.05000001, 3.185112, 0, True, 0
1002, directional, FreeMode, 84.58, 0.06764392, 0.05000001, 3.24837, 0, True, 0
1003, directional, FreeMode, 84.6, 0.06802245, 0.05000001, 3.311838, 0, True, 0
1004, directional, FreeMode, 84.62, 0.06840222, 0.05000001, 3.375512, 0, True, 0
1005, directional, FreeMode, 84.64, 0.06878311, 0.05000001, 3.439376, 0, True, 0
1006, directional, FreeMode, 84.66, 0.06916506, 0.05000001, 3.503416, 0, True, 0
1007, directional, FreeMode, 84.68, 0.06954803, 0.05000001, 3.567628, 0, True, 0
1008, directional, FreeMode, 84.7, 0.0699321, 0.05000001, 3.632025, 0, True, 0
1009, directional, FreeMode, 84.72, 0.07031725, 0.05000001, 3.696603, 0, True, 0
1010, directional, FreeMode, 84.74, 0.07070336, 0.05000001, 3.76134, 0, True, 0
1011, directional, FreeMode, 84.75999, 0.07109039, 0.05000001, 3.826233, 0, True, 0
1012, directional, FreeMode, 84.78, 0.07147844, 0.05000001, 3.891296, 0, True, 0
1013, directional, FreeMode, 84.8, 0.07186748, 0.05000001, 3.956525, 0, True, 0
1014, directional, FreeMode, 84.82, 0.07225744, 0.05000001, 4.021907, 0, True, 0
1015, directional, FreeMode, 84.84, 0.07264825, 0.05000001, 4.087434, 0, True, 0
1016, directional, FreeMode, 84.86, 0.07303999, 0.05000001, 4.153118, 0, True, 0
1017, directional, FreeMode, 84.88, 0.07343265, 0.05000001, 4.218955, 0, True, 0
1018, directional, FreeMode, 84.9, 0.07382621, 0.05000001, 4.284942, 0, True, 0
1019, directional, FreeMode, 84.92, 0.07422049, 0.05000001, 4.351048, 0, True, 0
1020, directional, FreeMode, 84.93999, 0.07461564, 0.05000001, 4.417304, 0, True, 0
1021, directional, FreeMode, 84.96, 0.07501166, 0.05000001, 4.483704, 0, True, 0
1022, directional, FreeMode, 84.98, 0.07540853, 0.05000001, 4.550247, 0, True, 0
1023, directional, FreeMode, 85, 0.07580613, 0.05000001, 4.616911, 0, True, 0
1024, directional, FreeMode, 85.02, 0.07620441, 0.05000001, 4.68369, 0, True, 0
1025, directional, FreeMode, 85.04, 0.07660349, 0.05000001, 4.750603, 0, True, 0
1026, directional, FreeMode, 85.06, 0.07700336, 0.05000001, 4.817648, 0, True, 0
1027, directional, FreeMode, 85.08, 0.077404, 0.05000001, 4.884822, 0, True, 0
1028, directional, FreeMode, 85.1, 0.07780527, 0.05000001, 4.952101, 0, True, 0
1029, directional, FreeMode, 85.12, 0.07820737, 0.05000001, 5.01952, 0, True, 0
1030, directional, FreeMode, 85.14, 0.07861029, 0.05000001, 5.087076, 0, True, 0
1031, directional, FreeMode, 85.16, 0.07901401, 0.05000001, 5.154767, 0, True, 0
1032, directional, FreeMode, 85.18, 0.07941852, 0.05000001, 5.22259, 0, True, 0
1033, directional, FreeMode, 85.2, 0.07982401, 0.05000001, 5.290577, 0, True, 0
1034, directional, FreeMode, 85.22, 0.08023045, 0.05000001, 5.358725, 0, True, 0
1035, directional, FreeMode, 85.24, 0.08063783, 0.05000001, 5.42703, 0, True, 0
1036, directional, FreeMode, 85.25999, 0.08104614, 0.05000001, 5.495491, 0, True, 0
1037, directional, FreeMode, 85.28, 0.08145534, 0.05000001, 5.5641, 0, True, 0
1038, directional, FreeMode, 85.3, 0.08186555, 0.05000001, 5.632878, 0, True, 0
1039, directional, FreeMode, 85.32, 0.08227673, 0.05000001, 5.701821, 0, True, 0
1040, directional, FreeMode, 85.34, 0.08268888, 0.05000001, 5.770925, 0, True, 0
1041, directional, FreeMode, 85.36, 0.08310203, 0.05000001, 5.840196, 0, True, 0
1042, directional, FreeMode, 85.38, 0.08351631, 0.05000001, 5.909657, 0, True, 0
1043, directional, FreeMode, 85.4, 0.08393171, 0.05000001, 5.979306, 0, True, 0
1044, directional, FreeMode, 85.42, 0.08434819, 0.05000001, 6.049137, 0, True, 0
1045, directional, FreeMode, 85.43999, 0.08476578, 0.05000001, 6.119153, 0, True, 0
1046, directional, FreeMode, 85.46, 0.08518432, 0.05000001, 6.189327, 0, True, 0
1047, directional, FreeMode, 85.48, 0.08560382, 0.05000001, 6.259662, 0, True, 0
1048, directional, FreeMode, 85.5, 0.08602425, 0.05000001, 6.330156, 0, True, 0
1049, directional, FreeMode, 85.52, 0.08644561, 0.05000001, 6.400804, 0, True, 0
1050, directional, FreeMode, 85.54, 0.0868677, 0.05000001, 6.471573, 0, True, 0
1051, directional, FreeMode, 85.56, 0.08729045, 0.05000001, 6.542455, 0, True, 0
1052, directional, FreeMode, 85.58, 0.08771387, 0.05000001, 6.613448, 0, True, 0
1053, directional, FreeMode, 85.6, 0.08813792, 0.05000001, 6.684548, 0, True, 0
1054, directional, FreeMode, 85.62, 0.0885624, 0.05000001, 6.755719, 0, True, 0
1055, directional, FreeMode, 85.64, 0.08898728, 0.05000001, 6.826959, 0, True, 0
1056, directional, FreeMode, 85.66, 0.08941252, 0.05000001, 6.898257, 0, True, 0
1057, directional, FreeMode, 85.68, 0.0898381, 0.05000001, 6.969613, 0, True, 0
1058, directional, FreeMode, 85.7, 0.09026369, 0.05000001, 7.04097, 0, True, 0
1059, directional, FreeMode, 85.72, 0.09068935, 0.05000001, 7.112339, 0, True, 0
1060, directional, FreeMode, 85.74, 0.09111498, 0.05000001, 7.183704, 0, True, 0
1061, directional, FreeMode, 85.75999, 0.09154058, 0.05000001, 7.255063, 0, True, 0
1062, directional, FreeMode, 85.78, 0.09196615, 0.05000001, 7.326417, 0, True, 0
1063, directional, FreeMode, 85.8, 0.09239137, 0.05000001, 7.397713, 0, True, 0
1064, directional, FreeMode, 85.82, 0.09281625, 0.05000001, 7.468951, 0, True, 0
1065, directional, FreeMode, 85.84, 0.0932406, 0.05000001, 7.540101, 0, True, 0
1066, directional, FreeMode, 85.86, 0.09366444, 0.05000001, 7.611165, 0, True, 0
1067, directional, FreeMode, 85.88, 0.0940874, 0.05000001, 7.682082, 0, True, 0
1068, directional, FreeMode, 85.9, 0.09450951, 0.05000001, 7.752857, 0, True, 0
1069, directional, FreeMode, 85.92, 0.09493057, 0.05000001, 7.823454, 0, True, 0
1070, directional, FreeMode, 85.93999, 0.09535058, 0.05000001, 7.893877, 0, True, 0
1071, directional, FreeMode, 85.96, 0.0957692, 0.05000001, 7.964067, 0, True, 0
1072, directional, FreeMode, 85.98, 0.09618647, 0.05000001, 8.034028, 0, True, 0
1073, directional, FreeMode, 86, 0.09660239, 0.05000001, 8.103765, 0, True, 0
1074, directional, FreeMode, 86.02, 0.09701681, 0.05000001, 8.17325, 0, True, 0
1075, directional, FreeMode, 86.04, 0.09742939, 0.05000001, 8.242426, 0, True, 0
1076, directional, FreeMode, 86.06, 0.09784015, 0.05000001, 8.311297, 0, True, 0
1077, directional, FreeMode, 86.08, 0.09824914, 0.05000001, 8.37987, 0, True, 0
1078, directional, FreeMode, 86.1, 0.09865621, 0.05000001, 8.448124, 0, True, 0
1079, directional, FreeMode, 86.12, 0.09906101, 0.05000001, 8.515995, 0, True, 0
1080, directional, FreeMode, 86.14, 0.09946358, 0.05000001, 8.583492, 0, True, 0
1081, directional, FreeMode, 86.16, 0.09986396, 0.05000001, 8.650622, 0, True, 0
1082, directional, FreeMode, 86.18, 0.1002622, 0.05000001, 8.717392, 0, True, 0
1083, directional, FreeMode, 86.2, 0.1006524, 0.05000001, 8.782826, 0, True, 0
1084, directional, FreeMode, 86.22, 0.1010349, 0.05000001, 8.846952, 0, True, 0
1085, directional, FreeMode, 86.24, 0.1014097, 0.05000001, 8.909796, 0, True, 0
1086, directional, FreeMode, 86.25999, 0.101777, 0.05000001, 8.971382, 0, True, 0
1087, directional, FreeMode, 86.28, 0.102137, 0.05000001, 9.031737, 0, True, 0
1088, directional, FreeMode, 86.3, 0.1024898, 0.05000001, 9.090885, 0, True, 0
1089, directional, FreeMode, 86.32, 0.1028355, 0.05000001, 9.148849, 0, True, 0
1090, directional, FreeMode, 86.34, 0.1031743, 0.05000001, 9.205655, 0, True, 0
1091, directional, FreeMode, 86.36, 0.1035063, 0.05000001, 9.261325, 0, True, 0
1092, directional, FreeMode, 86.38, 0.1038317, 0.05000001, 9.315881, 0, True, 0
1093, directional, FreeMode, 86.4, 0.1041506, 0.05000001, 9.369346, 0, True, 0
1094, directional, FreeMode, 86.42, 0.1044631, 0.05000001, 9.421741, 0, True, 0
1095, directional, FreeMode, 86.43999, 0.1047693, 0.05000001, 9.473089, 0, True, 0
1096, directional, FreeMode, 86.46, 0.1050694, 0.05000001, 9.52341, 0, True, 0
1097, directional, FreeMode, 86.48, 0.1053636, 0.05000001, 9.572724, 0, True, 0
1098, directional, FreeMode, 86.5, 0.1056518, 0.05000001, 9.621053, 0, True, 0
1099, directional, FreeMode, 86.52, 0.1059343, 0.05000001, 9.668414, 0, True, 0
1100, directional, FreeMode, 86.54, 0.1062111, 0.05000001, 9.714828, 0, True, 0
1101, directional, FreeMode, 86.56, 0.1056418, 0.05000001, 9.76032, 0, True, 0
1102, directional, FreeMode, 86.58, 0.1042433, 0.05000001, 9.804906, 0, True, 0
1103, directional, FreeMode, 86.6, 0.1020075, 0.05000001, 9.848605, 0, True, 0
1104, directional, FreeMode, 86.62, 0.09895118, 0.05000001, 9.891436, 0, True, 0
1105, directional, FreeMode, 86.64, 0.09500455, 0.05000001, 9.933415, 0, True, 0
1106, directional, FreeMode, 86.66, 0.09012085, 0.05000001, 9.974562, 0, True, 0
1107, directional, FreeMode, 86.68, 0.08431883, 0.05000001, 10.01489, 0, True, 0
1108, directional, FreeMode, 86.7, 0.07760714, 0.05000001, 10.05442, 0, True, 0
1109, directional, FreeMode, 86.72, 0.06994288, 0.05000001, 10.09316, 0, True, 0
1110, directional, FreeMode, 86.74, 0.06128026, 0.05000001, 10.13114, 0, True, 0
1111, directional, FreeMode, 86.75999, 0.05163923, 0.05000001, 10.16837, 0, True, 0
1112, directional, FreeMode, 86.78, 0.04103402, 0.05000001, 10.20485, 0, True, 0
1113, directional, FreeMode, 86.8, 0.02944045, 0.05000001, 10.24062, 0, True, 0
1114, directional, FreeMode, 86.82, 0.01687829, 0.05000001, 10.27567, 0, True, 0
1115, directional, FreeMode, 86.84, 0.003325982, 0.05000001, 10.31003, 0, True, 0
1116, directional, FreeMode, 86.86, -0.01119667, 0.05000001, 10.34372, 0, True, 0
1117, directional, FreeMode, 86.88, -0.02669611, 0.05000001, 10.37673, 0, True, 0
1118, directional, FreeMode, 86.9, -0.0431528, 0.05000001, 10.4091, 0, True, 0
1119, directional, FreeMode, 86.92, -0.06056507, 0.05000001, 10.44082, 0, True, 0
1120, directional, FreeMode, 86.93999, -0.07891381, 0.05000001, 10.47192, 0, True, 0
1121, directional, FreeMode, 86.96, -0.09817162, 0.05000001, 10.5024, 0, True, 0
1122, directional, FreeMode, 86.98, -0.1183402, 0.05000001, 10.53228, 0, True, 0
1123, directional, FreeMode, 87, -0.1394014, 0.05000001, 10.56157, 0, True, 0
1124, directional, FreeMode, 87.02, -0.1613527, 0.05000001, 10.59028, 0, True, 0
1125, directional, FreeMode, 87.04, -0.1841765, 0.05000001, 10.61843, 0, True, 0
1126, directional, FreeMode, 87.06, -0.2078546, 0.04999995, 10.64602, 0, True, 0
1127, directional, FreeMode, 87.08, -0.2323699, 0.04999995, 10.67307, 0, True, 0
1128, directional, FreeMode, 87.1, -0.2577178, 0.04999995, 10.69958, 0, True, 0
1129, directional, FreeMode, 87.12, -0.2838815, 0.04999995, 10.72558, 0, True, 0
1130, directional, FreeMode, 87.14, -0.3108398, 0.04999995, 10.75106, 0, True, 0
1131, directional, FreeMode, 87.16, -0.3385766, 0.04999995, 10.77603, 0, True, 0
1132, directional, FreeMode, 87.18, -0.3670764, 0.04999995, 10.80052, 0, True, 0
1133, directional, FreeMode, 87.2, -0.3963303, 0.04999995, 10.82453, 0, True, 0
1134, directional, FreeMode, 87.22, -0.4263192, 0.04999995, 10.84806, 0, True, 0
1135, directional, FreeMode, 87.24, -0.4570175, 0.04999995, 10.87113, 0, True, 0
1136, directional, FreeMode, 87.25999, -0.4884112, 0.04999995, 10.89374, 0, True, 0
1137, directional, FreeMode, 87.28, -0.5204881, 0.04999995, 10.91592, 0, True, 0
1138, directional, FreeMode, 87.3, -0.5532299, 0.04999995, 10.93765, 0, True, 0
1139, directional, FreeMode, 87.32, -0.5866107, 0.04999995, 10.95896, 0, True, 0
1140, directional, FreeMode, 87.34, -0.6206177, 0.04999995, 10.97985, 0, True, 0
1141, directional, FreeMode, 87.36, -0.6552384, 0.04999995, 11.00033, 0, True, 0
1142, directional, FreeMode, 87.38, -0.6904626, 0.04999995, 11.02041, 0, True, 0
1143, directional, FreeMode, 87.4, -0.7262782, 0.04999995, 11.0401, 0, True, 0
1144, directional, FreeMode, 87.42, -0.7626594, 0.04999995, 11.05939, 0, True, 0
1145, directional, FreeMode, 87.43999, -0.7995951, 0.04999995, 11.07831, 0, True, 0
1146, directional, FreeMode, 87.46, -0.8370904, 0.04999995, 11.09686, 0, True, 0
1147, directional, FreeMode, 87.48, -0.875124, 0.04999995, 11.11505, 0, True, 0
1148, directional, FreeMode, 87.5, -0.9136851, 0.04999995, 11.13288, 0, True, 0
1149, directional, FreeMode, 87.52, -0.9527622, 0.04999995, 11.15036, 0, True, 0
1150, directional, FreeMode, 87.54, -0.9923449, 0.04999995, 11.1675, 0, True, 0
1151, directional, FreeMode, 87.56, -1.032423, 0.04999995, 11.18431, 0, True, 0
1152, directional, FreeMode, 87.58, -1.07299, 0.04999995, 11.20078, 0, True, 0
1153, directional, FreeMode, 87.6, -1.114039, 0.04999995, 11.21694, 0, True, 0
1154, directional, FreeMode, 87.62, -1.155558, 0.04999995, 11.23277, 0, True, 0
1155, directional, FreeMode, 87.64, -1.19754, 0.04999995, 11.2483, 0, True, 0
1156, directional, FreeMode, 87.66, -1.239966, 0.04999995, 11.26353, 0, True, 0
1157, directional, FreeMode, 87.68, -1.282828, 0.04999995, 11.27846, 0, True, 0
1158, directional, FreeMode, 87.7, -1.326115, 0.04999995, 11.2931, 0, True, 0
1159, directional, FreeMode, 87.72, -1.36982, 0.04999995, 11.30745, 0, True, 0
1160, directional, FreeMode, 87.74, -1.413921, 0.04999995, 11.32153, 0, True, 0
1161, directional, FreeMode, 87.75999, -1.458408, 0.04999995, 11.33533, 0, True, 0
1162, directional, FreeMode, 87.78, -1.50327, 0.04999995, 11.34886, 0, True, 0
1163, directional, FreeMode, 87.8, -1.5485, 0.04999995, 11.36213, 0, True, 0
1164, directional, FreeMode, 87.82, -1.59409, 0.04999995, 11.37514, 0, True, 0
1165, directional, FreeMode, 87.84, -1.640022, 0.04999995, 11.3879, 0, True, 0
1166, directional, FreeMode, 87.86, -1.68629, 0.04999995, 11.40041, 0, True, 0
1167, directional, FreeMode, 87.88, -1.732882, 0.04999995, 11.41267, 0, True, 0
1168, directional, FreeMode, 87.9, -1.77979, 0.04999995, 11.4247, 0, True, 0
1169, directional, FreeMode, 87.92, -1.827, 0.04999995, 11.4365, 0, True, 0
1170, directional, FreeMode, 87.93999, -1.874503, 0.04999995, 11.44807, 0, True, 0
1171, directional, FreeMode, 87.96, -1.922279, 0.04999995, 11.45941, 0, True, 0
1172, directional, FreeMode, 87.98, -1.970323, 0.04999995, 11.47054, 0, True, 0
1173, directional, FreeMode, 88, -2.018615, 0.04999995, 11.48145, 0, True, 0
1174, directional, FreeMode, 88.02, -2.067151, 0.04999995, 11.49215, 0, True, 0
1175, directional, FreeMode, 88.04, -2.115917, 0.04999995, 11.50264, 0, True, 0
1176, directional, FreeMode, 88.06, -2.164895, 0.04999995, 11.51293, 0, True, 0
1177, directional, FreeMode, 88.08, -2.214067, 0.04999995, 11.52302, 0, True, 0
1178, directional, FreeMode, 88.1, -2.263427, 0.04999995, 11.53291, 0, True, 0
1179, directional, FreeMode, 88.12, -2.312959, 0.04999995, 11.54261, 0, True, 0
1180, directional, FreeMode, 88.14, -2.362642, 0.04999995, 11.55213, 0, True, 0
1181, directional, FreeMode, 88.16, -2.412472, 0.04999995, 11.56146, 0, True, 0
1182, directional, FreeMode, 88.18, -2.462432, 0.04999995, 11.57062, 0, True, 0
1183, directional, FreeMode, 88.2, -2.51252, 0.04999995, 11.57959, 0, True, 0
1184, directional, FreeMode, 88.22, -2.56272, 0.04999995, 11.5884, 0, True, 0
1185, directional, FreeMode, 88.24, -2.613019, 0.04999995, 11.59703, 0, True, 0
1186, directional, FreeMode, 88.25999, -2.663399, 0.04999995, 11.6055, 0, True, 0
1187, directional, FreeMode, 88.28, -2.713857, 0.04999995, 11.61381, 0, True, 0
1188, directional, FreeMode, 88.3, -2.764386, 0.04999995, 11.62195, 0, True, 0
1189, directional, FreeMode, 88.32, -2.814978, 0.04999995, 11.62994, 0, True, 0
1190, directional, FreeMode, 88.34, -2.865613, 0.04999995, 11.63778, 0, True, 0
1191, directional, FreeMode, 88.36, -2.91629, 0.04999995, 11.64546, 0, True, 0
1192, directional, FreeMode, 88.38, -2.967009, 0.04999995, 11.653, 0, True, 0
1193, directional, FreeMode, 88.4, -3.017766, 0.04999995, 11.66039, 0, True, 0
1194, directional, FreeMode, 88.42, -3.068538, 0.04999995, 11.66765, 0, True, 0
1195, directional, FreeMode, 88.43999, -3.119327, 0.04999995, 11.67476, 0, True, 0
1196, directional, FreeMode, 88.46, -3.170131, 0.04999995, 11.68174, 0, True, 0
1197, directional, FreeMode, 88.48, -3.220946, 0.04999995, 11.68858, 0, True, 0
1198, directional, FreeMode, 88.5, -3.271752, 0.04999995, 11.69529, 0, True, 0
1199, directional, FreeMode, 88.52, -3.322549, 0.04999995, 11.70188, 0, True, 0
1200, directional, FreeMode, 88.54, -3.373337, 0.04999995, 11.70833, 0, True, 0
1201, directional, FreeMode, 88.56, -3.424117, 0.04999995, 11.71467, 0, True, 0
1202, directional, FreeMode, 88.58, -3.47488, 0.04999995, 11.72089, 0, True, 0
1203, directional, FreeMode, 88.6, -3.52561, 0.04999995, 11.72698, 0, True, 0
1204, directional, FreeMode, 88.62, -3.576307, 0.04999995, 11.73296, 0, True, 0
1205, directional, FreeMode, 88.64, -3.626971, 0.04999995, 11.73883, 0, True, 0
1206, directional, FreeMode, 88.66, -3.677587, 0.04999995, 11.74458, 0, True, 0
1207, directional, FreeMode, 88.68, -3.728137, 0.04999995, 11.75023, 0, True, 0
1208, directional, FreeMode, 88.7, -3.778623, 0.04999995, 11.75577, 0, True, 0
1209, directional, FreeMode, 88.72, -3.829047, 0.04999995, 11.7612, 0, True, 0
1210, directional, FreeMode, 88.74, -3.879409, 0.04999995, 11.76653, 0, True, 0
1211, directional, FreeMode, 88.75999, -3.929658, 0.04999995, 11.77176, 0, True, 0
1212, directional, FreeMode, 88.78, -3.979809, 0.04999995, 11.77689, 0, True, 0
1213, directional, FreeMode, 88.8, -4.029862, 0.04999995, 11.78192, 0, True, 0
1214, directional, FreeMode, 88.82, -4.079822, 0.04999995, 11.78686, 0, True, 0
1215, directional, FreeMode, 88.84, -4.12963, 0.04999995, 11.7917, 0, True, 0
1216, directional, FreeMode, 88.86, -4.179302, 0.04999995, 11.79645, 0, True, 0
1217, directional, FreeMode, 88.88, -4.228842, 0.04999995, 11.80112, 0, True, 0
1218, directional, FreeMode, 88.9, -4.278252, 0.04999995, 11.80569, 0, True, 0
1219, directional, FreeMode, 88.92, -4.327492, 0.04999995, 11.81018, 0, True, 0
1220, directional, FreeMode, 88.93999, -4.37655, 0.04999995, 11.81458, 0, True, 0
1221, directional, FreeMode, 88.96, -4.42543, 0.04999995, 11.8189, 0, True, 0
1222, directional, FreeMode, 88.98, -4.474135, 0.04999995, 11.82313, 0, True, 0
1223, directional, FreeMode, 89, -4.52267, 0.04999995, 11.82729, 0, True, 0
1224, directional, FreeMode, 89.02, -4.570234, 0.04999995, 11.83137, 0, True, 0
1225, directional, FreeMode, 89.04, -4.616847, 0.04999995, 11.83536, 0, True, 0
1226, directional, FreeMode, 89.06, -4.662527, 0.04999995, 11.83927, 0, True, 0
1227, directional, FreeMode, 89.07999, -4.707294, 0.04999995, 11.84311, 0, True, 0
1228, directional, FreeMode, 89.1, -4.751165, 0.04999995, 11.84686, 0, True, 0
1229, directional, FreeMode, 89.12, -4.794159, 0.04999995, 11.85055, 0, True, 0
1230, directional, FreeMode, 89.14, -4.836294, 0.04999995, 11.85416, 0, True, 0
1231, directional, FreeMode, 89.16, -4.877585, 0.04999995, 11.85769, 0, True, 0
1232, directional, FreeMode, 89.18, -4.91805, 0.04999995, 11.86116, 0, True, 0
1233, directional, FreeMode, 89.2, -4.957706, 0.04999995, 11.86456, 0, True, 0
1234, directional, FreeMode, 89.22, -4.99657, 0.04999995, 11.86789, 0, True, 0
1235, directional, FreeMode, 89.24, -5.034656, 0.04999995, 11.87115, 0, True, 0
1236, directional, FreeMode, 89.25999, -5.07198, 0.04999995, 11.87434, 0, True, 0
1237, directional, FreeMode, 89.28, -5.108557, 0.04999995, 11.87748, 0, True, 0
1238, directional, FreeMode, 89.3, -5.144397, 0.04999995, 11.88153, 0, True, 0
1239, directional, FreeMode, 89.32, -5.179515, 0.04999995, 11.88648, 0, True, 0
1240, directional, FreeMode, 89.34, -5.213924, 0.04999995, 11.89231, 0, True, 0
1241, directional, FreeMode, 89.36, -5.24764, 0.04999995, 11.89906, 0, True, 0
1242, directional, FreeMode, 89.38, -5.280674, 0.04999995, 11.9067, 0, True, 0
1243, directional, FreeMode, 89.4, -5.313042, 0.04999995, 11.91527, 0, True, 0
1244, directional, FreeMode, 89.42, -5.344755, 0.04999995, 11.92478, 0, True, 0
1245, directional, FreeMode, 89.43999, -5.375828, 0.04999995, 11.93523, 0, True, 0
1246, directional, FreeMode, 89.46, -5.406272, 0.04999995, 11.9466, 0, True, 0
1247, directional, FreeMode, 89.48, -5.4361, 0.04999995, 11.95897, 0, True, 0
1248, directional, FreeMode, 89.5, -5.465324, 0.04999995, 11.9723, 0, True, 0
1249, directional, FreeMode, 89.52, -5.493957, 0.04999995, 11.98661, 0, True, 0
1250, directional, FreeMode, 89.54, -5.522009, 0.04999995, 12.00187, 0, True, 0
1251, directional, FreeMode, 89.56, -5.549493, 0.04999995, 12.01807, 0, True, 0
1252, directional, FreeMode, 89.57999, -5.576419, 0.04999995, 12.03529, 0, True, 0
1253, directional, FreeMode, 89.6, -5.602799, 0.04999995, 12.05352, 0, True, 0
1254, directional, FreeMode, 89.62, -5.628643, 0.04999995, 12.07274, 0, True, 0
1255, directional, FreeMode, 89.64, -5.653962, 0.04999995, 12.09293, 0, True, 0
1256, directional, FreeMode, 89.66, -5.678766, 0.04999995, 12.11419, 0, True, 0
1257, directional, FreeMode, 89.68, -5.703065, 0.04999995, 12.1365, 0, True, 0
1258, directional, FreeMode, 89.7, -5.726869, 0.04999995, 12.15985, 0, True, 0
1259, directional, FreeMode, 89.72, -5.750188, 0.04999995, 12.18421, 0, True, 0
1260, directional, FreeMode, 89.74, -5.773032, 0.04999995, 12.20956, 0, True, 0
1261, directional, FreeMode, 89.75999, -5.79541, 0.04999995, 12.23598, 0, True, 0
1262, directional, FreeMode, 89.78, -5.817331, 0.04999995, 12.26346, 0, True, 0
1263, directional, FreeMode, 89.8, -5.838804, 0.04999995, 12.29198, 0, True, 0
1264, directional, FreeMode, 89.82, -5.859838, 0.04999995, 12.32152, 0, True, 0
1265, directional, FreeMode, 89.84, -5.880441, 0.04999995, 12.35214, 0, True, 0
1266, directional, FreeMode, 89.86, -5.900622, 0.04999995, 12.38382, 0, True, 0
1267, directional, FreeMode, 89.88, -5.92039, 0.04999995, 12.41655, 0, True, 0
1268, directional, FreeMode, 89.9, -5.939752, 0.04999995, 12.45031, 0, True, 0
1269, directional, FreeMode, 89.92, -5.958716, 0.04999995, 12.48507, 0, True, 0
1270, directional, FreeMode, 89.93999, -5.977292, 0.04999995, 12.52091, 0, True, 0
1271, directional, FreeMode, 89.96, -5.995485, 0.04999995, 12.55778, 0, True, 0
1272, directional, FreeMode, 89.98, -6.013304, 0.04999995, 12.59568, 0, True, 0
1273, directional, FreeMode, 90, -6.030756, 0.04999995, 12.63457, 0, True, 0
1274, directional, FreeMode, 90.02, -6.047848, 0.04999995, 12.67451, 0, True, 0
1275, directional, FreeMode, 90.04, -6.064587, 0.04999995, 12.71546, 0, True, 0
1276, directional, FreeMode, 90.06, -6.080981, 0.04999995, 12.75741, 0, True, 0
1277, directional, FreeMode, 90.07999, -6.097036, 0.04999995, 12.80034, 0, True, 0
1278, directional, FreeMode, 90.1, -6.112759, 0.04999995, 12.84426, 0, True, 0
1279, directional, FreeMode, 90.12, -6.128156, 0.04999995, 12.88918, 0, True, 0
1280, directional, FreeMode, 90.14, -6.143234, 0.04999995, 12.93507, 0, True, 0
1281, directional, FreeMode, 90.16, -6.157999, 0.04999995, 12.98191, 0, True, 0
1282, directional, FreeMode, 90.18, -6.172458, 0.04999995, 13.02968, 0, True, 0
1283, directional, FreeMode, 90.2, -6.186616, 0.04999995, 13.07842, 0, True, 0
1284, directional, FreeMode, 90.22, -6.20048, 0.04999995, 13.12811, 0, True, 0
1285, directional, FreeMode, 90.24, -6.214055, 0.04999995, 13.17873, 0, True, 0
1286, directional, FreeMode, 90.25999, -6.227347, 0.04999995, 13.23026, 0, True, 0
1287, directional, FreeMode, 90.28, -6.240361, 0.04999995, 13.2827, 0, True, 0
1288, directional, FreeMode, 90.3, -6.253104, 0.04999995, 13.33606, 0, True, 0
1289, directional, FreeMode, 90.32, -6.26558, 0.04999995, 13.39032, 0, True, 0
1290, directional, FreeMode, 90.34, -6.277794, 0.04999995, 13.44547, 0, True, 0
1291, directional, FreeMode, 90.36, -6.289753, 0.04999995, 13.50148, 0, True, 0
1292, directional, FreeMode, 90.38, -6.301461, 0.04999995, 13.55836, 0, True, 0
1293, directional, FreeMode, 90.4, -6.312922, 0.04999995, 13.6161, 0, True, 0
1294, directional, FreeMode, 90.42, -6.324143, 0.04999995, 13.67467, 0, True, 0
1295, directional, FreeMode, 90.43999, -6.335127, 0.04999995, 13.73405, 0, True, 0
1296, directional, FreeMode, 90.46, -6.34588, 0.04999995, 13.79424, 0, True, 0
1297, directional, FreeMode, 90.48, -6.356406, 0.04999995, 13.85524, 0, True, 0
1298, directional, FreeMode, 90.5, -6.366709, 0.04999995, 13.91702, 0, True, 0
1299, directional, FreeMode, 90.52, -6.376794, 0.04999995, 13.97957, 0, True, 0
1300, directional, FreeMode, 90.54, -6.386665, 0.04999995, 14.04286, 0, True, 0
1301, directional, FreeMode, 90.56, -6.396327, 0.04999995, 14.1069, 0, True, 0
1302, directional, FreeMode, 90.57999, -6.405784, 0.04999995, 14.17169, 0, True, 0
1303, directional, FreeMode, 90.6, -6.41504, 0.04999995, 14.23722, 0, True, 0
1304, directional, FreeMode, 90.62, -6.424098, 0.04999995, 14.30345, 0, True, 0
1305, directional, FreeMode, 90.64, -6.432963, 0.04999995, 14.37038, 0, True, 0
1306, directional, FreeMode, 90.66, -6.441638, 0.04999995, 14.43801, 0, True, 0
1307, directional, FreeMode, 90.68, -6.450129, 0.04999995, 14.50635, 0, True, 0
1308, directional, FreeMode, 90.7, -6.458436, 0.04999995, 14.57534, 0, True, 0
1309, directional, FreeMode, 90.72, -6.466566, 0.04999995, 14.64497, 0, True, 0
1310, directional, FreeMode, 90.74, -6.474521, 0.04999995, 14.71525, 0, True, 0
1311, directional, FreeMode, 90.75999, -6.482305, 0.04999995, 14.78615, 0, True, 0
1312, directional, FreeMode, 90.78, -6.489921, 0.04999995, 14.85766, 0, True, 0
1313, directional, FreeMode, 90.8, -6.497373, 0.04999995, 14.92975, 0, True, 0
1314, directional, FreeMode, 90.82, -6.504663, 0.04999995, 15.00242, 0, True, 0
1315, directional, FreeMode, 90.84, -6.511796, 0.04999995, 15.07566, 0, True, 0
1316, directional, FreeMode, 90.86, -6.518775, 0.04999995, 15.14942, 0, True, 0
1317, directional, FreeMode, 90.88, -6.525602, 0.04999995, 15.2237, 0, True, 0
1318, directional, FreeMode, 90.9, -6.53228, 0.04999995, 15.29848, 0, True, 0
1319, directional, FreeMode, 90.92, -6.538814, 0.04999995, 15.37376, 0, True, 0
1320, directional, FreeMode, 90.93999, -6.545204, 0.04999995, 15.44952, 0, True, 0
1321, directional, FreeMode, 90.96, -6.551455, 0.04999995, 15.52572, 0, True, 0
1322, directional, FreeMode, 90.98, -6.55757, 0.04999995, 15.60235, 0, True, 0
1323, directional, FreeMode, 91, -6.56355, 0.04999995, 15.6794, 0, True, 0
1324, directional, FreeMode, 91.02, -6.569399, 0.04999995, 15.75685, 0, True, 0
1325, directional, FreeMode, 91.04, -6.57512, 0.04999995, 15.83468, 0, True, 0
1326, directional, FreeMode, 91.06, -6.580715, 0.04999995, 15.91286, 0, True, 0
1327, directional, FreeMode, 91.07999, -6.586186, 0.04999995, 15.99141, 0, True, 0
1328, directional, FreeMode, 91.1, -6.591537, 0.04999995, 16.07029, 0, True, 0
1329, directional, FreeMode, 91.12, -6.59677, 0.04999995, 16.14945, 0, True, 0
1330, directional, FreeMode, 91.14, -6.601887, 0.04999995, 16.22889, 0, True, 0
1331, directional, FreeMode, 91.16, -6.60689, 0.04999995, 16.3086, 0, True, 0
1332, directional, FreeMode, 91.18, -6.611783, 0.04999995, 16.38856, 0, True, 0
1333, directional, FreeMode, 91.2, -6.616567, 0.04999995, 16.46869, 0, True, 0
1334, directional, FreeMode, 91.22, -6.621244, 0.04999995, 16.549, 0, True, 0
1335, directional, FreeMode, 91.24, -6.625818, 0.04999995, 16.62949, 0, True, 0
1336, directional, FreeMode, 91.25999, -6.63029, 0.04999995, 16.71011, 0, True, 0
1337, directional, FreeMode, 91.28, -6.634661, 0.04999995, 16.79086, 0, True, 0
1338, directional, FreeMode, 91.3, -6.638936, 0.04999995, 16.87167, 0, True, 0
1339, directional, FreeMode, 91.32, -6.643115, 0.04999995, 16.95255, 0, True, 0
1340, directional, FreeMode, 91.34, -6.6472, 0.04999995, 17.0335, 0, True, 0
1341, directional, FreeMode, 91.36, -6.651193, 0.04999995, 17.11448, 0, True, 0
1342, directional, FreeMode, 91.38, -6.655097, 0.04999995, 17.19542, 0, True, 0
1343, directional, FreeMode, 91.4, -6.658915, 0.04999995, 17.27632, 0, True, 0
1344, directional, FreeMode, 91.42, -6.662646, 0.04999995, 17.35718, 0, True, 0
1345, directional, FreeMode, 91.43999, -6.666293, 0.04999995, 17.43797, 0, True, 0
1346, directional, FreeMode, 91.46, -6.669858, 0.04999995, 17.51866, 0, True, 0
1347, directional, FreeMode, 91.48, -6.673344, 0.04999995, 17.59919, 0, True, 0
1348, directional, FreeMode, 91.5, -6.676751, 0.04999995, 17.67957, 0, True, 0
1349, directional, FreeMode, 91.52, -6.680081, 0.04999995, 17.7598, 0, True, 0
1350, directional, FreeMode, 91.54, -6.683336, 0.04999995, 17.83981, 0, True, 0
1351, directional, FreeMode, 91.56, -6.686518, 0.04999995, 17.91957, 0, True, 0
1352, directional, FreeMode, 91.57999, -6.689629, 0.04999995, 17.99908, 0, True, 0
1353, directional, FreeMode, 91.6, -6.692669, 0.04999995, 18.07833, 0, True, 0
1354, directional, FreeMode, 91.62, -6.695641, 0.04999995, 18.15726, 0, True, 0
1355, directional, FreeMode, 91.64, -6.698545, 0.04999995, 18.23588, 0, True, 0
1356, directional, FreeMode, 91.66, -6.701385, 0.04999995, 18.31415, 0, True, 0
1357, directional, FreeMode, 91.68, -6.70416, 0.04999995, 18.39208, 0, True, 0
1358, directional, FreeMode, 91.7, -6.706873, 0.04999995, 18.46967, 0, True, 0
1359, directional, FreeMode, 91.72, -6.709524, 0.04999995, 18.54688, 0, True, 0
1360, directional, FreeMode, 91.74, -6.712912, 0.04999995, 18.62367, 0, True, 0
1361, directional, FreeMode, 91.75999, -6.717013, 0.04999995, 18.70005, 0, True, 0
1362, directional, FreeMode, 91.78, -6.721812, 0.04999995, 18.77603, 0, True, 0
1363, directional, FreeMode, 91.8, -6.727329, 0.04999995, 18.85156, 0, True, 0
1364, directional, FreeMode, 91.82, -6.73355, 0.04999995, 18.92666, 0, True, 0
1365, directional, FreeMode, 91.84, -6.740478, 0.04999995, 19.00129, 0, True, 0
1366, directional, FreeMode, 91.86, -6.748099, 0.04999995, 19.07545, 0, True, 0
1367, directional, FreeMode, 91.88, -6.756432, 0.04999995, 19.14913, 0, True, 0
1368, directional, FreeMode, 91.9, -6.765453, 0.04999995, 19.22232, 0, True, 0
1369, directional, FreeMode, 91.92, -6.775182, 0.04999995, 19.29406, 0, True, 0
1370, directional, FreeMode, 91.93999, -6.785594, 0.04999995, 19.36436, 0, True, 0
1371, directional, FreeMode, 91.96, -6.796703, 0.04999995, 19.43327, 0, True, 0
1372, directional, FreeMode, 91.98, -6.808485, 0.04999995, 19.5008, 0, True, 0
1373, directional, FreeMode, 92, -6.820925, 0.04999995, 19.56699, 0, True, 0
1374, directional, FreeMode, 92.02, -6.83404, 0.04999995, 19.63186, 0, True, 0
1375, directional, FreeMode, 92.04, -6.847841, 0.04999995, 19.69544, 0, True, 0
1376, directional, FreeMode, 92.06, -6.862315, 0.04999995, 19.75775, 0, True, 0
1377, directional, FreeMode, 92.07999, -6.877435, 0.04999995, 19.81882, 0, True, 0
1378, directional, FreeMode, 92.1, -6.893217, 0.04999995, 19.87867, 0, True, 0
1379, directional, FreeMode, 92.12, -6.909651, 0.04999995, 19.93734, 0, True, 0
1380, directional, FreeMode, 92.14, -6.926746, 0.04999995, 19.99483, 0, True, 0
1381, directional, FreeMode, 92.16, -6.944472, 0.04999995, 20.05119, 0, True, 0
1382, directional, FreeMode, 92.18, -6.962815, 0.04999995, 20.10642, 0, True, 0
1383, directional, FreeMode, 92.2, -6.981786, 0.04999995, 20.16055, 0, True, 0
1384, directional, FreeMode, 92.22, -7.001385, 0.04999995, 20.21361, 0, True, 0
1385, directional, FreeMode, 92.24, -7.021599, 0.04999995, 20.26561, 0, True, 0
1386, directional, FreeMode, 92.25999, -7.042399, 0.04999995, 20.31657, 0, True, 0
1387, directional, FreeMode, 92.28, -7.063793, 0.04999995, 20.36653, 0, True, 0
1388, directional, FreeMode, 92.3, -7.085772, 0.04999995, 20.41549, 0, True, 0
1389, directional, FreeMode, 92.32, -7.108322, 0.04999995, 20.46347, 0, True, 0
1390, directional, FreeMode, 92.34, -7.131417, 0.04999995, 20.51051, 0, True, 0
1391, directional, FreeMode, 92.36, -7.155045, 0.04999995, 20.55661, 0, True, 0
1392, directional, FreeMode, 92.38, -7.179208, 0.04999995, 20.60179, 0, True, 0
1393, directional, FreeMode, 92.4, -7.203898, 0.04999995, 20.64607, 0, True, 0
1394, directional, FreeMode, 92.42, -7.229085, 0.04999995, 20.68948, 0, True, 0
1395, directional, FreeMode, 92.43999, -7.254761, 0.04999995, 20.73202, 0, True, 0
1396, directional, FreeMode, 92.46, -7.280919, 0.04999995, 20.77372, 0, True, 0
1397, directional, FreeMode, 92.48, -7.307555, 0.04999995, 20.81459, 0, True, 0
1398, directional, FreeMode, 92.5, -7.334661, 0.04999995, 20.85465, 0, True, 0
1399, directional, FreeMode, 92.52, -7.362208, 0.04999995, 20.89391, 0, True, 0
1400, directional, FreeMode, 92.54, -7.39019, 0.04999995, 20.9324, 0, True, 0
1401, directional, FreeMode, 92.56, -7.418597, 0.04999995, 20.97012, 0, True, 0
1402, directional, FreeMode, 92.57999, -7.447423, 0.04999995, 21.00709, 0, True, 0
1403, directional, FreeMode, 92.6, -7.476645, 0.04999995, 21.04333, 0, True, 0
1404, directional, FreeMode, 92.62, -7.506256, 0.04999995, 21.07885, 0, True, 0
1405, directional, FreeMode, 92.64, -7.536246, 0.04999995, 21.11366, 0, True, 0
1406, directional, FreeMode, 92.66, -7.566605, 0.04999995, 21.14779, 0, True, 0
1407, directional, FreeMode, 92.68, -7.597326, 0.04999995, 21.18123, 0, True, 0
1408, directional, FreeMode, 92.7, -7.628387, 0.04999995, 21.21402, 0, True, 0
1409, directional, FreeMode, 92.72, -7.659783, 0.04999995, 21.24615, 0, True, 0
1410, directional, FreeMode, 92.74, -7.69151, 0.04999995, 21.27765, 0, True, 0
1411, directional, FreeMode, 92.75999, -7.723561, 0.04999995, 21.30852, 0, True, 0
1412, directional, FreeMode, 92.78, -7.75592, 0.04999995, 21.33878, 0, True, 0
1413, directional, FreeMode, 92.8, -7.788581, 0.04999995, 21.36844, 0, True, 0
1414, directional, FreeMode, 92.82, -7.821538, 0.04999995, 21.39752, 0, True, 0
1415, directional, FreeMode, 92.84, -7.854797, 0.04999995, 21.42602, 0, True, 0
1416, directional, FreeMode, 92.86, -7.888353, 0.04999995, 21.45395, 0, True, 0
1417, directional, FreeMode, 92.88, -7.922196, 0.04999995, 21.48133, 0, False, 0
1418, directional, FreeMode, 92.9, -7.955361, 0.04999995, 21.50816, 0, False, 0
1419, directional, FreeMode, 92.92, -7.987864, 0.04999995, 21.53446, 0, False, 0
1420, directional, FreeMode, 92.93999, -8.019716, 0.04999995, 21.56023, 0, False, 0
1421, directional, FreeMode, 92.96, -8.050932, 0.04999995, 21.58549, 0, False, 0
1422, directional, FreeMode, 92.98, -8.081523, 0.04999995, 21.61024, 0, False, 0
1423, directional, FreeMode, 93, -8.111502, 0.04999995, 21.63449, 0, False, 0
1424, directional, FreeMode, 93.02, -8.140882, 0.04999995, 21.65826, 0, False, 0
1425, directional, FreeMode, 93.04, -8.169674, 0.04999995, 21.68155, 0, False, 0
1426, directional, FreeMode, 93.06, -8.19789, 0.04999995, 21.70438, 0, False, 0
1427, directional, FreeMode, 93.07999, -8.225542, 0.04999995, 21.72676, 0, False, 0
1428, directional, FreeMode, 93.1, -8.252641, 0.04999995, 21.74868, 0, False, 0
1429, directional, FreeMode, 93.12, -8.279198, 0.04999995, 21.77017, 0, False, 0
1430, directional, FreeMode, 93.14, -8.305223, 0.04999995, 21.79123, 0, False, 0
1431, directional, FreeMode, 93.16, -8.330729, 0.04999995, 21.81186, 0, False, 0
1432, directional, FreeMode, 93.18, -8.355723, 0.04999995, 21.83208, 0, False, 0
1433, directional, FreeMode, 93.2, -8.380219, 0.04999995, 21.8519, 0, False, 0
1434, directional, FreeMode, 93.22, -8.404223, 0.04999995, 21.87133, 0, False, 0
1435, directional, FreeMode, 93.24, -8.427749, 0.04999995, 21.89036, 0, False, 0
1436, directional, FreeMode, 93.25999, -8.450804, 0.04999995, 21.90901, 0, False, 0
1437, directional, FreeMode, 93.28, -8.473397, 0.04999995, 21.92729, 0, False, 0
1438, directional, FreeMode, 93.3, -8.495539, 0.04999995, 21.94521, 0, False, 0
1439, directional, FreeMode, 93.32, -8.517238, 0.04999995, 21.96276, 0, False, 0
1440, directional, FreeMode, 93.34, -8.538503, 0.04999995, 21.97997, 0, False, 0
1441, directional, FreeMode, 93.36, -8.559342, 0.04999995, 21.99683, 0, False, 0
1442, directional, FreeMode, 93.38, -8.579765, 0.04999995, 22.01335, 0, False, 0
1443, directional, FreeMode, 93.4, -8.59978, 0.04999995, 22.02954, 0, False, 0
1444, directional, FreeMode, 93.42, -8.619394, 0.04999995, 22.04541, 0, False, 0
1445, directional, FreeMode, 93.43999, -8.638616, 0.04999995, 22.06096, 0, False, 0
1446, directional, FreeMode, 93.46, -8.657453, 0.04999995, 22.07621, 0, False, 0
1447, directional, FreeMode, 93.48, -8.675913, 0.04999995, 22.09114, 0, False, 0
1448, directional, FreeMode, 93.5, -8.694004, 0.04999995, 22.10578, 0, False, 0
1449, directional, FreeMode, 93.52, -8.711734, 0.04999995, 22.12012, 0, False, 0
1450, directional, FreeMode, 93.54, -8.729109, 0.04999995, 22.13418, 0, False, 0
1451, directional, FreeMode, 93.56, -8.746137, 0.04999995, 22.14796, 0, False, 0
1452, directional, FreeMode, 93.57999, -8.762823, 0.04999995, 22.16146, 0, False, 0
1453, directional, FreeMode, 93.6, -8.779177, 0.04999995, 22.17469, 0, False, 0
1454, directional, FreeMode, 93.62, -8.795203, 0.04999995, 22.18766, 0, False, 0
1455, directional, FreeMode, 93.64, -8.810908, 0.04999995, 22.20036, 0, False, 0
1456, directional, FreeMode, 93.66, -8.8263, 0.04999995, 22.21282, 0, False, 0
1457, directional, FreeMode, 93.68, -8.841383, 0.04999995, 22.22502, 0, False, 0
1458, directional, FreeMode, 93.7, -8.856165, 0.04999995, 22.23698, 0, False, 0
1459, directional, FreeMode, 93.72, -8.870651, 0.04999995, 22.2487, 0, False, 0
1460, directional, FreeMode, 93.74, -8.884848, 0.04999995, 22.26019, 0, False, 0
1461, directional, FreeMode, 93.75999, -8.89876, 0.04999995, 22.27144, 0, False, 0
1462, directional, FreeMode, 93.78, -8.912395, 0.04999995, 22.28247, 0, False, 0
1463, directional, FreeMode, 93.8, -8.925756, 0.04999995, 22.29329, 0, False, 0
1464, directional, FreeMode, 93.82, -8.938851, 0.04999995, 22.30388, 0, False, 0
1465, directional, FreeMode, 93.84, -8.951684, 0.04999995, 22.31426, 0, False, 0
1466, directional, FreeMode, 93.86, -8.96426, 0.04999995, 22.32444, 0, False, 0
1467, directional, FreeMode, 93.88, -8.976584, 0.04999995, 22.33441, 0, False, 0
1468, directional, FreeMode, 93.9, -8.988663, 0.04999995, 22.34418, 0, False, 0
1469, directional, FreeMode, 93.92, -9.000499, 0.04999995, 22.35376, 0, False, 0
1470, directional, FreeMode, 93.93999, -9.012098, 0.04999995, 22.36314, 0, False, 0
1471, directional, FreeMode, 93.96, -9.023466, 0.04999995, 22.37234, 0, False, 0
1472, directional, FreeMode, 93.98, -9.034606, 0.04999995, 22.38135, 0, False, 0
1473, directional, FreeMode, 94, -9.045524, 0.04999995, 22.39019, 0, False, 0
1474, directional, FreeMode, 94.02, -9.056223, 0.04999995, 22.39884, 0, False, 0
1475, directional, FreeMode, 94.04, -9.066708, 0.04999995, 22.40733, 0, False, 0
1476, directional, FreeMode, 94.06, -9.076983, 0.04999995, 22.41564, 0, False, 0
1477, directional, FreeMode, 94.07999, -9.087053, 0.04999995, 22.42379, 0, False, 0
1478, directional, FreeMode, 94.1, -9.096922, 0.04999995, 22.43177, 0, False, 0
1479, directional, FreeMode, 94.12, -9.106593, 0.04999995, 22.4396, 0, False, 0
1480, directional, FreeMode, 94.14, -9.116071, 0.04999995, 22.44726, 0, False, 0
1481, directional, FreeMode, 94.16, -9.125359, 0.04999995, 22.45478, 0, False, 0
1482, directional, FreeMode, 94.18, -9.134461, 0.04999995, 22.46214, 0, False, 0
1483, directional, FreeMode, 94.2, -9.143382, 0.04999995, 22.46936, 0, False, 0
1484, directional, FreeMode, 94.22, -9.152124, 0.04999995, 22.47643, 0, False, 0
1485, directional, FreeMode, 94.24, -9.160691, 0.04999995, 22.48336, 0, False, 0
1486, directional, FreeMode, 94.25999, -9.169087, 0.04999995, 22.49016, 0, False, 0
1487, directional, FreeMode, 94.28, -9.177316, 0.04999995, 22.49681, 0, False, 0
1488, directional, FreeMode, 94.3, -9.185379, 0.04999995, 22.50334, 0, False, 0
1489, directional, FreeMode, 94.32, -9.193281, 0.04999995, 22.50973, 0, False, 0
1490, directional, FreeMode, 94.34, -9.201025, 0.04999995, 22.516, 0, False, 0
1491, directional, FreeMode, 94.36, -9.208614, 0.04999995, 22.52213, 0, False, 0
1492, directional, FreeMode, 94.38, -9.216052, 0.04999995, 22.52815, 0, False, 0
1493, directional, FreeMode, 94.4, -9.223341, 0.04999995, 22.53405, 0, False, 0
1494, directional, FreeMode, 94.42, -9.230484, 0.04999995, 22.53983, 0, False, 0
1495, directional, FreeMode, 94.43999, -9.237484, 0.04999995, 22.54549, 0, False, 0
1496, directional, FreeMode, 94.46, -9.244344, 0.04999995, 22.55104, 0, False, 0
1497, directional, FreeMode, 94.48, -9.251066, 0.04999995, 22.55648, 0, False, 0
1498, directional, FreeMode, 94.5, -9.257654, 0.04999995, 22.56181, 0, False, 0
1499, directional, FreeMode, 94.52, -9.264111, 0.04999995, 22.56704, 0, False, 0
1500, directional, FreeMode, 94.54, -9.270438, 0.04999995, 22.57216, 0, False, 0
1501, directional, FreeMode, 94.56, -9.276639, 0.04999995, 22.57717, 0, False, 0
1502, directional, FreeMode, 94.57999, -9.282716, 0.04999995, 22.58209, 0, False, 0
1503, directional, FreeMode, 94.6, -9.288671, 0.04999995, 22.58691, 0, False, 0
1504, directional, FreeMode, 94.62, -9.294508, 0.04999995, 22.59163, 0, False, 0
1505, directional, FreeMode, 94.64, -9.300227, 0.04999995, 22.59626, 0, False, 0
1506, directional, FreeMode, 94.66, -9.305832, 0.04999995, 22.60079, 0, False, 0
1507, directional, FreeMode, 94.68, -9.311325, 0.04999995, 22.60524, 0, False, 0
1508, directional, FreeMode, 94.7, -9.316709, 0.04999995, 22.60959, 0, False, 0
1509, directional, FreeMode, 94.72, -9.321984, 0.04999995, 22.61386, 0, False, 0
1510, directional, FreeMode, 94.74, -9.327154, 0.04999995, 22.61804, 0, False, 0
1511, directional, FreeMode, 94.75999, -9.332221, 0.04999995, 22.62214, 0, False, 0
1512, directional, FreeMode, 94.78, -9.337186, 0.04999995, 22.62616, 0, False, 0
1513, directional, FreeMode, 94.8, -9.342052, 0.04999995, 22.6301, 0, False, 0
1514, directional, FreeMode, 94.82, -9.34682, 0.04999995, 22.63396, 0, False, 0
1515, directional, FreeMode, 94.84, -9.351493, 0.04999995, 22.63774, 0, False, 0
1516, directional, FreeMode, 94.86, -9.356072, 0.04999995, 22.64144, 0, False, 0
1517, directional, FreeMode, 94.88, -9.36056, 0.04999995, 22.64507, 0, False, 0
1518, directional, FreeMode, 94.9, -9.364959, 0.04999995, 22.64863, 0, False, 0
1519, directional, FreeMode, 94.92, -9.369269, 0.04999995, 22.65212, 0, False, 0
1520, directional, FreeMode, 94.93999, -9.373493, 0.04999995, 22.65554, 0, False, 0
1521, directional, FreeMode, 94.96, -9.377633, 0.04999995, 22.65889, 0, False, 0
1522, directional, FreeMode, 94.98, -9.38169, 0.04999995, 22.66217, 0, False, 0
1523, directional, FreeMode, 95, -9.385666, 0.04999995, 22.66538, 0, False, 0
1524, directional, FreeMode, 95.02, -9.389563, 0.04999995, 22.66854, 0, False, 0
1525, directional, FreeMode, 95.04, -9.393381, 0.04999995, 22.67163, 0, False, 0
1526, directional, FreeMode, 95.06, -9.397123, 0.04999995, 22.67465, 0, False, 0
1527, directional, FreeMode, 95.07999, -9.40079, 0.04999995, 22.67762, 0, False, 0
1528, directional, FreeMode, 95.1, -9.404384, 0.04999995, 22.68053, 0, False, 0
1529, directional, FreeMode, 95.12, -9.407906, 0.04999995, 22.68338, 0, False, 0
1530, directional, FreeMode, 95.14, -9.411357, 0.04999995, 22.68617, 0, False, 0
1531, directional, FreeMode, 95.16, -9.41474, 0.04999995, 22.68891, 0, False, 0
1532, directional, FreeMode, 95.18, -9.418055, 0.04999995, 22.69159, 0, False, 0
1533, directional, FreeMode, 95.2, -9.421303, 0.04999995, 22.69422, 0, False, 0
1534, directional, FreeMode, 95.22, -9.424486, 0.04999995, 22.69679, 0, False, 0
1535, directional, FreeMode, 95.24, -9.427606, 0.04999995, 22.69932, 0, False, 0
1536, directional, FreeMode, 95.25999, -9.430663, 0.04999995, 22.70179, 0, False, 0
1537, directional, FreeMode, 95.28, -9.43366, 0.04999995, 22.70421, 0, False, 0
1538, directional, FreeMode, 95.3, -9.436596, 0.04999995, 22.70659, 0, False, 0
1539, directional, FreeMode, 95.32, -9.439473, 0.04999995, 22.70892, 0, False, 0
1540, directional, FreeMode, 95.34, -9.442293, 0.04999995, 22.7112, 0, False, 0
1541, directional, FreeMode, 95.36, -9.445057, 0.04999995, 22.71344, 0, False, 0
1542, directional, FreeMode, 95.38, -9.447765, 0.04999995, 22.71563, 0, False, 0
1543, directional, FreeMode, 95.4, -9.450419, 0.04999995, 22.71778, 0, False, 0
1544, directional, FreeMode, 95.42, -9.453021, 0.04999995, 22.71988, 0, False, 0
1545, directional, FreeMode, 95.43999, -9.45557, 0.04999995, 22.72194, 0, False, 0
1546, directional, FreeMode, 95.46, -9.458069, 0.04999995, 22.72396, 0, False, 0
1547, directional, FreeMode, 95.48, -9.460517, 0.04999995, 22.72594, 0, False, 0
1548, directional, FreeMode, 95.5, -9.462916, 0.04999995, 22.72789, 0, False, 0
1549, directional, FreeMode, 95.52, -9.465268, 0.04999995, 22.72979, 0, False, 0
1550, directional, FreeMode, 95.54, -9.467572, 0.04999995, 22.73165, 0, False, 0
1551, directional, FreeMode, 95.56, -9.469831, 0.04999995, 22.73348, 0, False, 0
1552, directional, FreeMode, 95.57999, -9.472044, 0.04999995, 22.73527, 0, False, 0
1553, directional, FreeMode, 95.6, -9.474213, 0.04999995, 22.73702, 0, False, 0
1554, directional, FreeMode, 95.62, -9.476338, 0.04999995, 22.73874, 0, False, 0
1555, directional, FreeMode, 95.64, -9.478421, 0.04999995, 22.74043, 0, False, 0
1556, directional, FreeMode, 95.66, -9.480462, 0.04999995, 22.74208, 0, False, 0
1557, directional, FreeMode, 95.68, -9.482463, 0.04999995, 22.7437, 0, False, 0
1558, directional, FreeMode, 95.7, -9.484424, 0.04999995, 22.74529, 0, False, 0
1559, directional, FreeMode, 95.72, -9.486345, 0.04999995, 22.74684, 0, False, 0
1560, directional, FreeMode, 95.74, -9.488228, 0.04999995, 22.74837, 0, False, 0
1561, directional, FreeMode, 95.75999, -9.490073, 0.04999995, 22.74986, 0, False, 0
1562, directional, FreeMode, 95.78, -9.491881, 0.04999995, 22.75132, 0, False, 0
1563, directional, FreeMode, 95.8, -9.493653, 0.04999995, 22.75276, 0, False, 0
1564, directional, FreeMode, 95.82, -9.49539, 0.04999995, 22.75416, 0, False, 0
1565, directional, FreeMode, 95.84, -9.497092, 0.04999995, 22.75554, 0, False, 0
1566, directional, FreeMode, 95.86, -9.49876, 0.04999995, 22.75689, 0, False, 0
1567, directional, FreeMode, 95.88, -9.500395, 0.04999995, 22.75821, 0, False, 0
1568, directional, FreeMode, 95.9, -9.501997, 0.04999995, 22.75951, 0, False, 0
1569, directional, FreeMode, 95.92, -9.503567, 0.04999995, 22.76078, 0, False, 0
1570, directional, FreeMode, 95.93999, -9.505105, 0.04999995, 22.76202, 0, False, 0
1571, directional, FreeMode, 95.96, -9.506613, 0.04999995, 22.76324, 0, False, 0
1572, directional, FreeMode, 95.98, -9.50809, 0.04999995, 22.76444, 0, False, 0
1573, directional, FreeMode, 96, -9.509538, 0.05000001, 22.76561, 0, False, 0
1574, directional, FreeMode, 96.02, -9.510957, 0.04999995, 22.76676, 0, False, 0
1575, directional, FreeMode, 96.04, -9.512347, 0.05000001, 22.76788, 0, False, 0
1576, directional, FreeMode, 96.06, -9.51371, 0.04999995, 22.76898, 0, False, 0
1577, directional, FreeMode, 96.07999, -9.515045, 0.05000001, 22.77006, 0, False, 0
1578, directional, FreeMode, 96.1, -9.516354, 0.04999995, 22.77112, 0, False, 0
1579, directional, FreeMode, 96.12, -9.517636, 0.05000001, 22.77216, 0, False, 0
1580, directional, FreeMode, 96.14, -9.518893, 0.04999995, 22.77318, 0, False, 0
1581, directional, FreeMode, 96.16, -9.520125, 0.05000001, 22.77417, 0, False, 0
1582, directional, FreeMode, 96.18, -9.521333, 0.04999995, 22.77515, 0, False, 0
1583, directional, FreeMode, 96.2, -9.522516, 0.05000001, 22.77611, 0, False, 0
1584, directional, FreeMode, 96.22, -9.523676, 0.04999995, 22.77705, 0, False, 0
1585, directional, FreeMode, 96.24, -9.524812, 0.05000001, 22.77797, 0, False, 0
1586, directional, FreeMode, 96.25999, -9.525926, 0.04999995, 22.77887, 0, False, 0
1587, directional, FreeMode, 96.28, -9.527017, 0.05000001, 22.77975, 0, False, 0
1588, directional, FreeMode, 96.3, -9.528086, 0.04999995, 22.78061, 0, False, 0
1589, directional, FreeMode, 96.32, -9.529134, 0.05000001, 22.78146, 0, False, 0
1590, directional, FreeMode, 96.34, -9.530161, 0.04999995, 22.7823, 0, False, 0
1591, directional, FreeMode, 96.36, -9.531167, 0.05000001, 22.78311, 0, False, 0
1592, directional, FreeMode, 96.38, -9.532153, 0.04999995, 22.78391, 0, False, 0
1593, directional, FreeMode, 96.4, -9.53312, 0.05000001, 22.78469, 0, False, 0
1594, directional, FreeMode, 96.42, -9.534067, 0.04999995, 22.78546, 0, False, 0
1595, directional, FreeMode, 96.43999, -9.534995, 0.05000001, 22.78621, 0, False, 0
1596, directional, FreeMode, 96.46, -9.535905, 0.04999995, 22.78694, 0, False, 0
1597, directional, FreeMode, 96.48, -9.536797, 0.05000001, 22.78766, 0, False, 0
1598, directional, FreeMode, 96.5, -9.53767, 0.04999995, 22.78837, 0, False, 0
1599, directional, FreeMode, 96.52, -9.538527, 0.05000001, 22.78906, 0, False, 0
1600, directional, FreeMode, 96.54, -9.539366, 0.04999995, 22.78974, 0, False, 0
1601, directional, FreeMode, 96.56, -9.540188, 0.05000001, 22.79041, 0, False, 0
1602, directional, FreeMode, 96.57999, -9.540994, 0.04999995, 22.79106, 0, False, 0
1603, directional, FreeMode, 96.6, -9.541783, 0.05000001, 22.7917, 0, False, 0
1604, directional, FreeMode, 96.62, -9.542558, 0.04999995, 22.79233, 0, False, 0
1605, directional, FreeMode, 96.64, -9.543316, 0.05000001, 22.79294, 0, False, 0
1606, directional, FreeMode, 96.66, -9.544059, 0.04999995, 22.79354, 0, False, 0
1607, directional, FreeMode, 96.68, -9.544787, 0.05000001, 22.79413, 0, False, 0
1608, directional, FreeMode, 96.7, -9.545502, 0.05000001, 22.79471, 0, False, 0
1609, directional, FreeMode, 96.72, -9.546202, 0.04999995, 22.79527, 0, False, 0
1610, directional, FreeMode, 96.74, -9.546887, 0.05000001, 22.79583, 0, False, 0
1611, directional, FreeMode, 96.75999, -9.54756, 0.05000001, 22.79637, 0, False, 0
1612, directional, FreeMode, 96.78, -9.548218, 0.04999995, 22.79691, 0, False, 0
1613, directional, FreeMode, 96.8, -9.548863, 0.05000001, 22.79743, 0, False, 0
1614, directional, FreeMode, 96.82, -9.549496, 0.05000001, 22.79794, 0, False, 0
1615, directional, FreeMode, 96.84, -9.550116, 0.04999995, 22.79844, 0, False, 0
1616, directional, FreeMode, 96.86, -9.550723, 0.05000001, 22.79893, 0, False, 0
1617, directional, FreeMode, 96.88, -9.551318, 0.05000001, 22.79941, 0, False, 0
1618, directional, FreeMode, 96.9, -9.551902, 0.04999995, 22.79988, 0, False, 0
1619, directional, FreeMode, 96.92, -9.552473, 0.05000001, 22.80035, 0, False, 0
1620, directional, FreeMode, 96.93999, -9.553033, 0.05000001, 22.8008, 0, False, 0
1621, directional, FreeMode, 96.96, -9.553582, 0.04999995, 22.80124, 0, False, 0
1622, directional, FreeMode, 96.98, -9.55412, 0.05000001, 22.80168, 0, False, 0
1623, directional, FreeMode, 97, -9.554647, 0.05000001, 22.80211, 0, False, 0
1624, directional, FreeMode, 97.02, -9.555164, 0.04999995, 22.80252, 0, False, 0
1625, directional, FreeMode, 97.04, -9.555671, 0.05000001, 22.80293, 0, False, 0
1626, directional, FreeMode, 97.06, -9.556167, 0.05000001, 22.80334, 0, False, 0
1627, directional, FreeMode, 97.07999, -9.556653, 0.04999995, 22.80373, 0, False, 0
1628, directional, FreeMode, 97.1, -9.55713, 0.05000001, 22.80412, 0, False, 0
1629, directional, FreeMode, 97.12, -9.557597, 0.05000001, 22.80449, 0, False, 0
1630, directional, FreeMode, 97.14, -9.558055, 0.05000001, 22.80486, 0, False, 0
1631, directional, FreeMode, 97.16, -9.558503, 0.04999995, 22.80523, 0, False, 0
1632, directional, FreeMode, 97.18, -9.558943, 0.05000001, 22.80558, 0, False, 0
1633, directional, FreeMode, 97.2, -9.559374, 0.05000001, 22.80593, 0, False, 0
1634, directional, FreeMode, 97.22, -9.559796, 0.05000001, 22.80627, 0, False, 0
1635, directional, FreeMode, 97.24, -9.56021, 0.04999995, 22.80661, 0, False, 0
1636, directional, FreeMode, 97.25999, -9.560616, 0.05000001, 22.80693, 0, False, 0
1637, directional, FreeMode, 97.28, -9.561013, 0.05000001, 22.80726, 0, False, 0
1638, directional, FreeMode, 97.3, -9.561402, 0.05000001, 22.80757, 0, False, 0
1639, directional, FreeMode, 97.32, -9.561784, 0.04999995, 22.80788, 0, False, 0
1640, directional, FreeMode, 97.34, -9.562158, 0.05000001, 22.80818, 0, False, 0
1641, directional, FreeMode, 97.36, -9.562524, 0.05000001, 22.80848, 0, False, 0
1642, directional, FreeMode, 97.38, -9.562883, 0.05000001, 22.80877, 0, False, 0
1643, directional, FreeMode, 97.4, -9.563235, 0.05000001, 22.80905, 0, False, 0
1644, directional, FreeMode, 97.42, -9.563581, 0.04999995, 22.80933, 0, False, 0
1645, directional, FreeMode, 97.43999, -9.563919, 0.05000001, 22.8096, 0, False, 0
1646, directional, FreeMode, 97.46, -9.56425, 0.05000001, 22.80987, 0, False, 0
1647, directional, FreeMode, 97.48, -9.564574, 0.05000001, 22.81014, 0, False, 0
1648, directional, FreeMode, 97.5, -9.564893, 0.05000001, 22.81039, 0, False, 0
1649, directional, FreeMode, 97.52, -9.565205, 0.04999995, 22.81065, 0, False, 0
1650, directional, FreeMode, 97.54, -9.56551, 0.05000001, 22.81089, 0, False, 0
1651, directional, FreeMode, 97.56, -9.565809, 0.05000001, 22.81114, 0, False, 0
1652, directional, FreeMode, 97.57999, -9.566103, 0.05000001, 22.81137, 0, False, 0
1653, directional, FreeMode, 97.6, -9.566391, 0.05000001, 22.81161, 0, False, 0
1654, directional, FreeMode, 97.62, -9.566673, 0.05000001, 22.81183, 0, False, 0
1655, directional, FreeMode, 97.64, -9.56695, 0.04999995, 22.81206, 0, False, 0
1656, directional, FreeMode, 97.66, -9.567221, 0.05000001, 22.81228, 0, False, 0
1657, directional, FreeMode, 97.68, -9.567486, 0.05000001, 22.81249, 0, False, 0
1658, directional, FreeMode, 97.7, -9.567746, 0.05000001, 22.8127, 0, False, 0
1659, directional, FreeMode, 97.72, -9.568001, 0.05000001, 22.81291, 0, False, 0
1660, directional, FreeMode, 97.74, -9.568251, 0.05000001, 22.81311, 0, False, 0
1661, directional, FreeMode, 97.75999, -9.568496, 0.04999995, 22.81331, 0, False, 0
1662, directional, FreeMode, 97.78, -9.568735, 0.05000001, 22.8135, 0, False, 0
1663, directional, FreeMode, 97.8, -9.56897, 0.05000001, 22.81369, 0, False, 0
1664, directional, FreeMode, 97.82, -9.569201, 0.05000001, 22.81388, 0, False, 0
1665, directional, FreeMode, 97.84, -9.569427, 0.05000001, 22.81406, 0, False, 0
1666, directional, FreeMode, 97.86, -9.569648, 0.05000001, 22.81424, 0, False, 0
1667, directional, FreeMode, 97.88, -9.569864, 0.05000001, 22.81442, 0, False, 0
1668, directional, FreeMode, 97.9, -9.570077, 0.04999995, 22.81459, 0, False, 0
1669, directional, FreeMode, 97.92, -9.570285, 0.05000001, 22.81476, 0, False, 0
1670, directional, FreeMode, 97.93999, -9.570489, 0.05000001, 22.81492, 0, False, 0
1671, directional, FreeMode, 97.96, -9.570689, 0.05000001, 22.81509, 0, False, 0
1672, directional, FreeMode, 97.98, -9.570885, 0.05000001, 22.81524, 0, False, 0
1673, directional, FreeMode, 98, -9.571076, 0.05000001, 22.8154, 0, False, 0
1674, directional, FreeMode, 98.02, -9.571264, 0.05000001, 22.81555, 0, False, 0
1675, directional, FreeMode, 98.04, -9.571448, 0.05000001, 22.8157, 0, False, 0
1676, directional, FreeMode, 98.06, -9.57163, 0.04999995, 22.81585, 0, False, 0
1677, directional, FreeMode, 98.07999, -9.571807, 0.05000001, 22.81599, 0, False, 0
1678, directional, FreeMode, 98.1, -9.57198, 0.05000001, 22.81613, 0, False, 0
1679, directional, FreeMode, 98.12, -9.57215, 0.05000001, 22.81627, 0, False, 0
1680, directional, FreeMode, 98.14, -9.572317, 0.05000001, 22.8164, 0, False, 0
1681, directional, FreeMode, 98.16, -9.57248, 0.05000001, 22.81654, 0, False, 0
1682, directional, FreeMode, 98.18, -9.57264, 0.05000001, 22.81667, 0, False, 0
1683, directional, FreeMode, 98.2, -9.572798, 0.05000001, 22.81679, 0, False, 0
1684, directional, FreeMode, 98.22, -9.572951, 0.05000001, 22.81692, 0, False, 0
1685, directional, FreeMode, 98.24, -9.573102, 0.04999995, 22.81704, 0, False, 0
1686, directional, FreeMode, 98.25999, -9.57325, 0.05000001, 22.81716, 0, False, 0
1687, directional, FreeMode, 98.28, -9.573395, 0.05000001, 22.81728, 0, False, 0
1688, directional, FreeMode, 98.3, -9.573537, 0.05000001, 22.81739, 0, False, 0
1689, directional, FreeMode, 98.32, -9.573676, 0.05000001, 22.8175, 0, False, 0
1690, directional, FreeMode, 98.34, -9.573812, 0.05000001, 22.81761, 0, False, 0
1691, directional, FreeMode, 98.36, -9.573946, 0.05000001, 22.81772, 0, False, 0
1692, directional, FreeMode, 98.38, -9.574077, 0.05000001, 22.81783, 0, False, 0
1693, directional, FreeMode, 98.4, -9.574204, 0.05000001, 22.81793, 0, False, 0
1694, directional, FreeMode, 98.42, -9.57433, 0.05000001, 22.81803, 0, False, 0
1695, directional, FreeMode, 98.43999, -9.574453, 0.05000001, 22.81813, 0, False, 0
1696, directional, FreeMode, 98.46, -9.574574, 0.04999995, 22.81823, 0, False, 0
1697, directional, FreeMode, 98.48, -9.574693, 0.05000001, 22.81832, 0, False, 0
1698, directional, FreeMode, 98.5, -9.574809, 0.05000001, 22.81842, 0, False, 0
1699, directional, FreeMode, 98.52, -9.574923, 0.05000001, 22.81851, 0, False, 0
1700, directional, FreeMode, 98.54, -9.575034, 0.05000001, 22.8186, 0, False, 0
1701, directional, FreeMode, 98.56, -9.575143, 0.05000001, 22.81869, 0, False, 0
1702, directional, FreeMode, 98.57999, -9.57525, 0.05000001, 22.81877, 0, False, 0
1703, directional, FreeMode, 98.6, -9.575355, 0.05000001, 22.81886, 0, False, 0
1704, directional, FreeMode, 98.62, -9.575458, 0.05000001, 22.81894, 0, False, 0
1705, directional, FreeMode, 98.64, -9.575559, 0.05000001, 22.81902, 0, False, 0
1706, directional, FreeMode, 98.66, -9.575657, 0.05000001, 22.8191, 0, False, 0
1707, directional, FreeMode, 98.68, -9.575753, 0.05000001, 22.81918, 0, False, 0
1708, directional, FreeMode, 98.7, -9.575848, 0.05000001, 22.81926, 0, False, 0
1709, directional, FreeMode, 98.72, -9.57594, 0.05000001, 22.81933, 0, False, 0
1710, directional, FreeMode, 98.74, -9.576031, 0.05000001, 22.8194, 0, False, 0
1711, directional, FreeMode, 98.75999, -9.576119, 0.04999995, 22.81948, 0, False, 0
1712, directional, FreeMode, 98.78, -9.576207, 0.05000001, 22.81955, 0, False, 0
1713, directional, FreeMode, 98.8, -9.576293, 0.05000001, 22.81962, 0, False, 0
1714, directional, FreeMode, 98.82, -9.576377, 0.05000001, 22.81968, 0, False, 0
1715, directional, FreeMode, 98.84, -9.576459, 0.05000001, 22.81975, 0, False, 0
1716, directional, FreeMode, 98.86, -9.576539, 0.05000001, 22.81982, 0, False, 0
1717, directional, FreeMode, 98.88, -9.576618, 0.05000001, 22.81988, 0, False, 0
1718, directional, FreeMode, 98.9, -9.576695, 0.05000001, 22.81994, 0, False, 0
1719, directional, FreeMode, 98.92, -9.576772, 0.05000001, 22.82, 0, False, 0
1720, directional, FreeMode, 98.93999, -9.576846, 0.05000001, 22.82006, 0, False, 0
1721, directional, FreeMode, 98.96, -9.576919, 0.05000001, 22.82012, 0, False, 0
1722, directional, FreeMode, 98.98, -9.57699, 0.05000001, 22.82018, 0, False, 0
1723, directional, FreeMode, 99, -9.57706, 0.05000001, 22.82024, 0, False, 0
1724, directional, FreeMode, 99.02, -9.577128, 0.05000001, 22.82029, 0, False, 0
1725, directional, FreeMode, 99.04, -9.577195, 0.05000001, 22.82035, 0, False, 0
1726, directional, FreeMode, 99.06, -9.577261, 0.05000001, 22.8204, 0, False, 0
1727, directional, FreeMode, 99.07999, -9.577326, 0.05000001, 22.82045, 0, False, 0
1728, directional, FreeMode, 99.1, -9.577389, 0.05000001, 22.8205, 0, False, 0
1729, directional, FreeMode, 99.12, -9.577451, 0.05000001, 22.82055, 0, False, 0
1730, directional, FreeMode, 99.14, -9.577512, 0.05000001, 22.8206, 0, False, 0
1731, directional, FreeMode, 99.16, -9.577571, 0.05000001, 22.82065, 0, False, 0
1732, directional, FreeMode, 99.18, -9.577629, 0.04999995, 22.8207, 0, False, 0
