Index, Movement Mode, Trial Type, Time, X, Y, Z, Flags Collected, isFiring, Fire Count
0, directionalNoAccel, LeftCurve, 228.66, 0, 0.15, 0, 0, False, 0
1, directionalNoAccel, LeftCurve, 228.68, 0, 0.1461545, 0, 0, False, 0
2, directionalNoAccel, LeftCurve, 228.7, 0, 0.1413049, 0, 0, False, 0
3, directionalNoAccel, LeftCurve, 228.72, 0, 0.1355148, 0, 0, False, 0
4, directionalNoAccel, LeftCurve, 228.74, 0, 0.1288472, 0, 0, False, 0
5, directionalNoAccel, LeftCurve, 228.76, -4.23394E-12, 0.1213638, -2.11697E-12, 0, False, 0
6, directionalNoAccel, LeftCurve, 228.78, -1.680021E-11, 0.1131254, -8.400107E-12, 0, False, 0
7, directionalNoAccel, LeftCurve, 228.8, -3.948206E-11, 0.1041912, -1.974103E-11, 0, False, 0
8, directionalNoAccel, LeftCurve, 228.82, -7.843132E-11, 0.09461969, -3.921566E-11, 0, False, 0
9, directionalNoAccel, LeftCurve, 228.84, -1.373456E-10, 0.08446735, -6.754966E-11, 0, False, 0
10, directionalNoAccel, LeftCurve, 228.86, -2.220715E-10, 0.07378954, -1.077207E-10, 0, False, 0
11, directionalNoAccel, LeftCurve, 228.88, -3.474871E-10, 0.06264007, -1.672204E-10, 0, False, 0
12, directionalNoAccel, LeftCurve, 228.9, -5.209142E-10, 0.05252802, -2.485486E-10, 0, False, 0
13, directionalNoAccel, LeftCurve, 228.92, -7.993828E-10, 0.05050588, -3.732392E-10, 0, False, 0
14, directionalNoAccel, LeftCurve, 228.94, -4.443471E-09, 0.05010122, -9.88206E-10, 0, False, 0
15, directionalNoAccel, LeftCurve, 228.96, -9.635162E-09, 0.05002028, -1.830113E-09, 0, False, 0
16, directionalNoAccel, LeftCurve, 228.98, -1.553747E-08, 0.05000407, -2.786924E-09, 0, False, 0
17, directionalNoAccel, LeftCurve, 229, -2.189404E-08, 0.05000085, -3.808773E-09, 0, False, 0
18, directionalNoAccel, LeftCurve, 229.02, -2.861952E-08, 0.05000019, -4.889982E-09, 0, False, 0
19, directionalNoAccel, LeftCurve, 229.04, -3.56732E-08, 0.05000007, -6.023432E-09, 0, False, 0
20, directionalNoAccel, LeftCurve, 229.06, -4.306117E-08, 0.05000007, -7.203083E-09, 0, False, 0
21, directionalNoAccel, LeftCurve, 229.08, -5.077722E-08, 0.05000001, -8.442097E-09, 0, False, 0
22, directionalNoAccel, LeftCurve, 229.1, -5.882709E-08, 0.05000001, -9.734631E-09, 0, False, 0
23, directionalNoAccel, LeftCurve, 229.12, -6.716842E-08, 0.05000001, -1.107406E-08, 0, False, 0
24, directionalNoAccel, LeftCurve, 229.14, -7.580805E-08, 0.05000001, -1.245419E-08, 0, False, 0
25, directionalNoAccel, LeftCurve, 229.16, -8.474094E-08, 0.05000001, -1.388776E-08, 0, False, 0
26, directionalNoAccel, LeftCurve, 229.18, -9.397202E-08, 0.05000001, -1.536812E-08, 0, False, 0
27, directionalNoAccel, LeftCurve, 229.2, -1.035068E-07, 0.05000001, -1.68892E-08, 0, False, 0
28, directionalNoAccel, LeftCurve, 229.22, -1.132936E-07, 0.05000001, -1.846329E-08, 0, False, 0
29, directionalNoAccel, LeftCurve, 229.24, -1.233388E-07, 0.05000001, -2.008424E-08, 0, False, 0
30, directionalNoAccel, LeftCurve, 229.26, -1.336503E-07, 0.05000001, -2.174598E-08, 0, False, 0
31, directionalNoAccel, LeftCurve, 229.28, -1.442325E-07, 0.05000001, -2.344222E-08, 0, False, 0
32, directionalNoAccel, LeftCurve, 229.3, -1.550817E-07, 0.05000001, -2.51858E-08, 0, False, 0
33, directionalNoAccel, LeftCurve, 229.32, -1.662036E-07, 0.05000001, -2.697053E-08, 0, False, 0
34, directionalNoAccel, LeftCurve, 229.34, -1.775583E-07, 0.05000001, -2.879002E-08, 0, False, 0
35, directionalNoAccel, LeftCurve, 229.36, -1.891414E-07, 0.05000001, -3.065763E-08, 0, False, 0
36, directionalNoAccel, LeftCurve, 229.38, -2.009607E-07, 0.05000001, -3.256723E-08, 0, False, 0
37, directionalNoAccel, LeftCurve, 229.4, -2.130234E-07, 0.05000001, -3.451289E-08, 0, False, 0
38, directionalNoAccel, LeftCurve, 229.42, -2.253356E-07, 0.05000001, -3.648839E-08, 0, False, 0
39, directionalNoAccel, LeftCurve, 229.44, -2.378479E-07, 0.05000001, -3.850687E-08, 0, False, 0
40, directionalNoAccel, LeftCurve, 229.46, -2.505664E-07, 0.05000001, -4.056282E-08, 0, False, 0
41, directionalNoAccel, LeftCurve, 229.48, -2.634979E-07, 0.05000001, -4.265035E-08, 0, False, 0
42, directionalNoAccel, LeftCurve, 229.5, -2.766505E-07, 0.05000001, -4.476341E-08, 0, False, 0
43, directionalNoAccel, LeftCurve, 229.52, -2.900203E-07, 0.05000001, -4.691544E-08, 0, False, 0
44, directionalNoAccel, LeftCurve, 229.54, -3.036152E-07, 0.05000001, -4.910011E-08, 0, False, 0
45, directionalNoAccel, LeftCurve, 229.56, -3.173961E-07, 0.05000001, -5.131148E-08, 0, False, 0
46, directionalNoAccel, LeftCurve, 229.58, -3.3136E-07, 0.05000001, -5.356329E-08, 0, False, 0
47, directionalNoAccel, LeftCurve, 229.6, -3.455139E-07, 0.05000001, -5.584935E-08, 0, False, 0
48, directionalNoAccel, LeftCurve, 229.62, -3.598651E-07, 0.05000001, -5.816313E-08, 0, False, 0
49, directionalNoAccel, LeftCurve, 229.64, -3.744207E-07, 0.05000001, -6.049921E-08, 0, False, 0
50, directionalNoAccel, LeftCurve, 229.66, -3.891319E-07, 0.05000001, -6.287114E-08, 0, False, 0
51, directionalNoAccel, LeftCurve, 229.68, -4.040071E-07, 0.05000001, -6.527318E-08, 0, False, 0
52, directionalNoAccel, LeftCurve, 229.7, -4.190542E-07, 0.05000001, -6.76998E-08, 0, False, 0
53, directionalNoAccel, LeftCurve, 229.72, -4.342823E-07, 0.05000001, -7.014535E-08, 0, False, 0
54, directionalNoAccel, LeftCurve, 229.74, -4.49688E-07, 0.05000001, -7.262372E-08, 0, False, 0
55, directionalNoAccel, LeftCurve, 229.76, -4.652783E-07, 0.05000001, -7.51295E-08, 0, False, 0
56, directionalNoAccel, LeftCurve, 229.78, -4.810159E-07, 0.05000001, -7.765716E-08, 0, False, 0
57, directionalNoAccel, LeftCurve, 229.8, -4.969096E-07, 0.05000001, -8.020123E-08, 0, False, 0
58, directionalNoAccel, LeftCurve, 229.82, -5.129579E-07, 0.05000001, -8.277586E-08, 0, False, 0
59, directionalNoAccel, LeftCurve, 229.84, -5.291681E-07, 0.05000001, -8.537507E-08, 0, False, 0
60, directionalNoAccel, LeftCurve, 229.86, -5.45548E-07, 0.05000001, -8.799328E-08, 0, False, 0
61, directionalNoAccel, LeftCurve, 229.88, -5.620487E-07, 0.05000001, -9.064436E-08, 0, False, 0
62, directionalNoAccel, LeftCurve, 229.9, -5.786793E-07, 0.05000001, -9.332207E-08, 0, False, 0
63, directionalNoAccel, LeftCurve, 229.92, -5.954478E-07, 0.05000001, -9.60206E-08, 0, False, 0
64, directionalNoAccel, LeftCurve, 229.94, -6.123631E-07, 0.05000001, -9.873466E-08, 0, False, 0
65, directionalNoAccel, LeftCurve, 229.96, -6.294236E-07, 0.05000001, -1.014781E-07, 0, False, 0
66, directionalNoAccel, LeftCurve, 229.98, -6.46638E-07, 0.05000001, -1.042453E-07, 0, False, 0
67, directionalNoAccel, LeftCurve, 230, -6.639684E-07, 0.05000001, -1.070305E-07, 0, False, 0
68, directionalNoAccel, LeftCurve, 230.02, -6.814238E-07, 0.05000001, -1.098284E-07, 0, False, 0
69, directionalNoAccel, LeftCurve, 230.04, -6.990036E-07, 0.05000001, -1.126525E-07, 0, False, 0
70, directionalNoAccel, LeftCurve, 230.06, -7.167162E-07, 0.05000001, -1.154967E-07, 0, False, 0
71, directionalNoAccel, LeftCurve, 230.08, -7.345696E-07, 0.05000001, -1.183555E-07, 0, False, 0
72, directionalNoAccel, LeftCurve, 230.1, -7.525147E-07, 0.05000001, -1.212425E-07, 0, False, 0
73, directionalNoAccel, LeftCurve, 230.12, -7.705617E-07, 0.05000001, -1.241517E-07, 0, False, 0
74, directionalNoAccel, LeftCurve, 230.14, -7.887194E-07, 0.05000001, -1.270779E-07, 0, False, 0
75, directionalNoAccel, LeftCurve, 230.16, -8.06998E-07, 0.05000001, -1.300157E-07, 0, False, 0
76, directionalNoAccel, LeftCurve, 230.18, -8.253958E-07, 0.05000001, -1.329785E-07, 0, False, 0
77, directionalNoAccel, LeftCurve, 230.2, -8.439218E-07, 0.05000001, -1.359606E-07, 0, False, 0
78, directionalNoAccel, LeftCurve, 230.22, -8.62539E-07, 0.05000001, -1.389562E-07, 0, False, 0
79, directionalNoAccel, LeftCurve, 230.24, -8.812577E-07, 0.05000001, -1.419596E-07, 0, False, 0
80, directionalNoAccel, LeftCurve, 230.26, -9.000748E-07, 0.05000001, -1.449843E-07, 0, False, 0
81, directionalNoAccel, LeftCurve, 230.28, -9.190011E-07, 0.05000001, -1.480246E-07, 0, False, 0
82, directionalNoAccel, LeftCurve, 230.3, -9.380454E-07, 0.05000001, -1.510755E-07, 0, False, 0
83, directionalNoAccel, LeftCurve, 230.32, -9.571601E-07, 0.05000001, -1.541509E-07, 0, False, 0
84, directionalNoAccel, LeftCurve, 230.34, -9.763561E-07, 0.05000001, -1.572458E-07, 0, False, 0
85, directionalNoAccel, LeftCurve, 230.36, -9.956428E-07, 0.05000001, -1.603547E-07, 0, False, 0
86, directionalNoAccel, LeftCurve, 230.38, -1.01503E-06, 0.05000001, -1.634723E-07, 0, False, 0
87, directionalNoAccel, LeftCurve, 230.4, -1.034516E-06, 0.05000001, -1.666126E-07, 0, False, 0
88, directionalNoAccel, LeftCurve, 230.42, -1.054066E-06, 0.05000001, -1.697706E-07, 0, False, 0
89, directionalNoAccel, LeftCurve, 230.44, -1.073691E-06, 0.05000001, -1.72941E-07, 0, False, 0
90, directionalNoAccel, LeftCurve, 230.46, -1.0934E-06, 0.05000001, -1.761182E-07, 0, False, 0
91, directionalNoAccel, LeftCurve, 230.48, -1.113193E-06, 0.05000001, -1.793158E-07, 0, False, 0
92, directionalNoAccel, LeftCurve, 230.5, -1.13308E-06, 0.05000001, -1.825281E-07, 0, False, 0
93, directionalNoAccel, LeftCurve, 230.52, -1.153024E-06, 0.05000001, -1.857494E-07, 0, False, 0
94, directionalNoAccel, LeftCurve, 230.54, -1.173036E-06, 0.05000001, -1.889743E-07, 0, False, 0
95, directionalNoAccel, LeftCurve, 230.56, -1.193114E-06, 0.05000001, -1.922171E-07, 0, False, 0
96, directionalNoAccel, LeftCurve, 230.58, -1.213271E-06, 0.05000001, -1.954722E-07, 0, False, 0
97, directionalNoAccel, LeftCurve, 230.6, -1.233514E-06, 0.05000001, -1.987344E-07, 0, False, 0
98, directionalNoAccel, LeftCurve, 230.62, -1.253808E-06, 0.05000001, -2.019982E-07, 0, False, 0
99, directionalNoAccel, LeftCurve, 230.64, -1.274152E-06, 0.05000001, -2.052772E-07, 0, False, 0
100, directionalNoAccel, LeftCurve, 230.66, -1.294558E-06, 0.05000001, -2.085657E-07, 0, False, 0
101, directionalNoAccel, LeftCurve, 230.68, -1.315036E-06, 0.05000001, -2.118579E-07, 0, False, 0
102, directionalNoAccel, LeftCurve, 230.7, -1.335584E-06, 0.05000001, -2.151675E-07, 0, False, 0
103, directionalNoAccel, LeftCurve, 230.72, -1.356212E-06, 0.05000001, -2.184891E-07, 0, False, 0
104, directionalNoAccel, LeftCurve, 230.74, -1.376884E-06, 0.05000001, -2.218175E-07, 0, False, 0
105, directionalNoAccel, LeftCurve, 230.76, -1.397612E-06, 0.05000001, -2.251466E-07, 0, False, 0
106, directionalNoAccel, LeftCurve, 230.78, -1.418394E-06, 0.05000001, -2.284906E-07, 0, False, 0
107, directionalNoAccel, LeftCurve, 230.8, -1.439241E-06, 0.05000001, -2.31844E-07, 0, False, 0
108, directionalNoAccel, LeftCurve, 230.82, -1.460161E-06, 0.05000001, -2.352017E-07, 0, False, 0
109, directionalNoAccel, LeftCurve, 230.84, -1.481109E-06, 0.05000001, -2.385779E-07, 0, False, 0
110, directionalNoAccel, LeftCurve, 230.86, -1.502095E-06, 0.05000001, -2.419667E-07, 0, False, 0
111, directionalNoAccel, LeftCurve, 230.88, -1.523132E-06, 0.05000001, -2.453623E-07, 0, False, 0
112, directionalNoAccel, LeftCurve, 230.9, -1.54423E-06, 0.05000001, -2.487595E-07, 0, False, 0
113, directionalNoAccel, LeftCurve, 230.92, -1.565387E-06, 0.05000001, -2.52172E-07, 0, False, 0
114, directionalNoAccel, LeftCurve, 230.94, -1.586614E-06, 0.05000001, -2.55594E-07, 0, False, 0
115, directionalNoAccel, LeftCurve, 230.96, -1.607876E-06, 0.05000001, -2.590202E-07, 0, False, 0
116, directionalNoAccel, LeftCurve, 230.98, -1.629183E-06, 0.05000001, -2.624457E-07, 0, False, 0
117, directionalNoAccel, LeftCurve, 231, -1.650535E-06, 0.05000001, -2.65885E-07, 0, False, 0
118, directionalNoAccel, LeftCurve, 231.02, -1.671941E-06, 0.05000001, -2.693329E-07, 0, False, 0
119, directionalNoAccel, LeftCurve, 231.04, -1.693413E-06, 0.05000001, -2.72784E-07, 0, False, 0
120, directionalNoAccel, LeftCurve, 231.06, -1.714914E-06, 0.05000001, -2.762328E-07, 0, False, 0
121, directionalNoAccel, LeftCurve, 231.08, -1.736445E-06, 0.05000001, -2.796934E-07, 0, False, 0
122, directionalNoAccel, LeftCurve, 231.1, -1.758017E-06, 0.05000001, -2.831605E-07, 0, False, 0
123, directionalNoAccel, LeftCurve, 231.12, -1.779642E-06, 0.05000001, -2.86629E-07, 0, False, 0
124, directionalNoAccel, LeftCurve, 231.14, -1.80132E-06, 0.05000001, -2.90113E-07, 0, False, 0
125, directionalNoAccel, LeftCurve, 231.16, -1.823062E-06, 0.05000001, -2.936071E-07, 0, False, 0
126, directionalNoAccel, LeftCurve, 231.18, -1.844831E-06, 0.05000001, -2.971056E-07, 0, False, 0
127, directionalNoAccel, LeftCurve, 231.2, -1.866639E-06, 0.05000001, -3.006031E-07, 0, False, 0
128, directionalNoAccel, LeftCurve, 231.22, -1.888486E-06, 0.05000001, -3.041135E-07, 0, False, 0
129, directionalNoAccel, LeftCurve, 231.24, -1.910382E-06, 0.05000001, -3.076315E-07, 0, False, 0
130, directionalNoAccel, LeftCurve, 231.26, -1.932336E-06, 0.05000001, -3.111512E-07, 0, False, 0
131, directionalNoAccel, LeftCurve, 231.28, -1.954313E-06, 0.05000001, -3.146671E-07, 0, False, 0
132, directionalNoAccel, LeftCurve, 231.3, -1.976312E-06, 0.05000001, -3.181931E-07, 0, False, 0
133, directionalNoAccel, LeftCurve, 231.32, -1.998344E-06, 0.05000001, -3.217235E-07, 0, False, 0
134, directionalNoAccel, LeftCurve, 231.34, -2.020421E-06, 0.05000001, -3.252528E-07, 0, False, 0
135, directionalNoAccel, LeftCurve, 231.36, -2.042542E-06, 0.05000001, -3.287951E-07, 0, False, 0
136, directionalNoAccel, LeftCurve, 231.38, -2.064717E-06, 0.05000001, -3.323444E-07, 0, False, 0
137, directionalNoAccel, LeftCurve, 231.4, -2.086911E-06, 0.05000001, -3.35895E-07, 0, False, 0
138, directionalNoAccel, LeftCurve, 231.42, -2.109133E-06, 0.05000001, -3.394418E-07, 0, False, 0
139, directionalNoAccel, LeftCurve, 231.44, -2.131385E-06, 0.05000001, -3.42999E-07, 0, False, 0
140, directionalNoAccel, LeftCurve, 231.46, -2.153679E-06, 0.05000001, -3.465613E-07, 0, False, 0
141, directionalNoAccel, LeftCurve, 231.48, -2.176023E-06, 0.05000001, -3.501233E-07, 0, False, 0
142, directionalNoAccel, LeftCurve, 231.5, -2.198372E-06, 0.05000001, -3.536996E-07, 0, False, 0
143, directionalNoAccel, LeftCurve, 231.52, -2.220737E-06, 0.05000001, -3.572848E-07, 0, False, 0
144, directionalNoAccel, LeftCurve, 231.54, -2.243129E-06, 0.05000001, -3.608733E-07, 0, False, 0
145, directionalNoAccel, LeftCurve, 231.56, -2.265557E-06, 0.05000001, -3.644593E-07, 0, False, 0
146, directionalNoAccel, LeftCurve, 231.58, -2.288022E-06, 0.05000001, -3.680571E-07, 0, False, 0
147, directionalNoAccel, LeftCurve, 231.6, -2.310534E-06, 0.05000001, -3.716615E-07, 0, False, 0
148, directionalNoAccel, LeftCurve, 231.62, -2.333057E-06, 0.05000001, -3.752668E-07, 0, False, 0
149, directionalNoAccel, LeftCurve, 231.64, -2.355604E-06, 0.05000001, -3.788683E-07, 0, False, 0
150, directionalNoAccel, LeftCurve, 231.66, -2.378173E-06, 0.05000001, -3.824797E-07, 0, False, 0
151, directionalNoAccel, LeftCurve, 231.68, -2.400776E-06, 0.05000001, -3.860955E-07, 0, False, 0
152, directionalNoAccel, LeftCurve, 231.7, -2.423424E-06, 0.05000001, -3.897107E-07, 0, False, 0
153, directionalNoAccel, LeftCurve, 231.72, -2.446071E-06, 0.05000001, -3.933388E-07, 0, False, 0
154, directionalNoAccel, LeftCurve, 231.74, -2.46873E-06, 0.05000001, -3.969745E-07, 0, False, 0
155, directionalNoAccel, LeftCurve, 231.76, -2.49141E-06, 0.05000001, -4.006127E-07, 0, False, 0
156, directionalNoAccel, LeftCurve, 231.78, -2.514121E-06, 0.05000001, -4.042479E-07, 0, False, 0
157, directionalNoAccel, LeftCurve, 231.8, -2.536865E-06, 0.05000001, -4.078945E-07, 0, False, 0
158, directionalNoAccel, LeftCurve, 231.82, -2.559651E-06, 0.05000001, -4.115473E-07, 0, False, 0
159, directionalNoAccel, LeftCurve, 231.84, -2.582445E-06, 0.05000001, -4.152009E-07, 0, False, 0
160, directionalNoAccel, LeftCurve, 231.86, -2.605258E-06, 0.05000001, -4.188502E-07, 0, False, 0
161, directionalNoAccel, LeftCurve, 231.88, -2.628088E-06, 0.05000001, -4.225095E-07, 0, False, 0
162, directionalNoAccel, LeftCurve, 231.9, -2.650947E-06, 0.05000001, -4.261734E-07, 0, False, 0
163, directionalNoAccel, LeftCurve, 231.92, -2.673848E-06, 0.05000001, -4.298363E-07, 0, False, 0
164, directionalNoAccel, LeftCurve, 231.94, -2.696754E-06, 0.05000001, -4.33493E-07, 0, False, 0
165, directionalNoAccel, LeftCurve, 231.96, -2.719666E-06, 0.05000001, -4.371583E-07, 0, False, 0
166, directionalNoAccel, LeftCurve, 231.98, -2.742594E-06, 0.05000001, -4.408261E-07, 0, False, 0
167, directionalNoAccel, LeftCurve, 232, -2.765551E-06, 0.05000001, -4.444911E-07, 0, False, 0
168, directionalNoAccel, LeftCurve, 232.02, -2.788535E-06, 0.05000001, -4.481678E-07, 0, False, 0
169, directionalNoAccel, LeftCurve, 232.04, -2.811558E-06, 0.05000001, -4.5185E-07, 0, False, 0
170, directionalNoAccel, LeftCurve, 232.06, -2.834584E-06, 0.05000001, -4.555326E-07, 0, False, 0
171, directionalNoAccel, LeftCurve, 232.08, -2.857624E-06, 0.05000001, -4.592107E-07, 0, False, 0
172, directionalNoAccel, LeftCurve, 232.1, -2.880679E-06, 0.05000001, -4.628977E-07, 0, False, 0
173, directionalNoAccel, LeftCurve, 232.12, -2.903759E-06, 0.05000001, -4.665885E-07, 0, False, 0
174, directionalNoAccel, LeftCurve, 232.14, -2.926877E-06, 0.05000001, -4.702784E-07, 0, False, 0
175, directionalNoAccel, LeftCurve, 232.16, -2.949997E-06, 0.05000001, -4.739618E-07, 0, False, 0
176, directionalNoAccel, LeftCurve, 232.18, -2.973119E-06, 0.05000001, -4.776524E-07, 0, False, 0
177, directionalNoAccel, LeftCurve, 232.2, -2.996256E-06, 0.05000001, -4.813449E-07, 0, False, 0
178, directionalNoAccel, LeftCurve, 232.22, -3.019417E-06, 0.05000001, -4.850339E-07, 0, False, 0
179, directionalNoAccel, LeftCurve, 232.24, -3.042558E-06, 0.05000001, -4.887329E-07, 0, False, 0
180, directionalNoAccel, LeftCurve, 232.26, -3.065691E-06, 0.05000001, -4.924364E-07, 0, False, 0
181, directionalNoAccel, LeftCurve, 232.28, -3.088829E-06, 0.05000001, -4.961391E-07, 0, False, 0
182, directionalNoAccel, LeftCurve, 232.3, -3.111983E-06, 0.05000001, -4.998356E-07, 0, False, 0
183, directionalNoAccel, LeftCurve, 232.32, -3.135154E-06, 0.05000001, -5.035396E-07, 0, False, 0
184, directionalNoAccel, LeftCurve, 232.34, -3.158353E-06, 0.05000001, -5.072461E-07, 0, False, 0
185, directionalNoAccel, LeftCurve, 232.36, -3.181546E-06, 0.05000001, -5.109493E-07, 0, False, 0
186, directionalNoAccel, LeftCurve, 232.38, -3.204734E-06, 0.05000001, -5.146632E-07, 0, False, 0
187, directionalNoAccel, LeftCurve, 232.4, -3.22793E-06, 0.05000001, -5.183824E-07, 0, False, 0
188, directionalNoAccel, LeftCurve, 232.42, -3.251145E-06, 0.05000001, -5.221016E-07, 0, False, 0
189, directionalNoAccel, LeftCurve, 232.44, -3.274389E-06, 0.05000001, -5.258156E-07, 0, False, 0
190, directionalNoAccel, LeftCurve, 232.46, -3.297617E-06, 0.05000001, 0.06999947, 0, True, 0
191, directionalNoAccel, LeftCurve, 232.48, -3.320843E-06, 0.05000001, 0.1399995, 0, True, 0
192, directionalNoAccel, LeftCurve, 232.5, -3.344012E-06, 0.05000001, 0.2099995, 0, True, 0
193, directionalNoAccel, LeftCurve, 232.52, -3.366803E-06, 0.04999995, 0.2799995, 0, True, 0
194, directionalNoAccel, LeftCurve, 232.54, -3.390275E-06, 0.05000001, 0.3499995, 0, True, 0
195, directionalNoAccel, LeftCurve, 232.56, -3.413262E-06, 0.05000001, 0.4199995, 0, True, 0
196, directionalNoAccel, LeftCurve, 232.58, -3.435789E-06, 0.05000001, 0.4899994, 0, True, 0
197, directionalNoAccel, LeftCurve, 232.6, -3.457868E-06, 0.05000001, 0.5599995, 0, True, 0
198, directionalNoAccel, LeftCurve, 232.62, -3.479514E-06, 0.05000001, 0.6299995, 0, True, 0
199, directionalNoAccel, LeftCurve, 232.64, -3.500734E-06, 0.05000001, 0.6999995, 0, True, 0
200, directionalNoAccel, LeftCurve, 232.66, -3.521542E-06, 0.05000001, 0.7699994, 0, True, 0
201, directionalNoAccel, LeftCurve, 232.68, -3.54194E-06, 0.05000001, 0.8399994, 0, True, 0
202, directionalNoAccel, LeftCurve, 232.7, -3.561931E-06, 0.05000001, 0.9099994, 0, True, 0
203, directionalNoAccel, LeftCurve, 232.72, -3.581522E-06, 0.05000001, 0.9799994, 0, True, 0
204, directionalNoAccel, LeftCurve, 232.74, -3.600722E-06, 0.05000001, 1.049999, 0, True, 0
205, directionalNoAccel, LeftCurve, 232.76, -3.619539E-06, 0.05000001, 1.12, 0, True, 0
206, directionalNoAccel, LeftCurve, 232.78, -3.637979E-06, 0.05000001, 1.12, 0, False, 0
207, directionalNoAccel, LeftCurve, 232.8, -3.65605E-06, 0.05000001, 1.12, 0, False, 0
208, directionalNoAccel, LeftCurve, 232.82, -3.673759E-06, 0.05000001, 1.12, 0, False, 0
209, directionalNoAccel, LeftCurve, 232.84, -3.691112E-06, 0.05000001, 1.12, 0, False, 0
210, directionalNoAccel, LeftCurve, 232.86, -3.708118E-06, 0.05000001, 1.12, 0, False, 0
211, directionalNoAccel, LeftCurve, 232.88, -3.724784E-06, 0.05000001, 1.12, 0, False, 0
212, directionalNoAccel, LeftCurve, 232.9, -3.741118E-06, 0.05000001, 1.12, 0, False, 0
213, directionalNoAccel, LeftCurve, 232.92, -3.757128E-06, 0.05000001, 1.12, 0, False, 0
214, directionalNoAccel, LeftCurve, 232.94, -3.77282E-06, 0.05000001, 1.12, 0, False, 0
215, directionalNoAccel, LeftCurve, 232.96, -3.788201E-06, 0.05000001, 1.12, 0, False, 0
216, directionalNoAccel, LeftCurve, 232.98, -3.803277E-06, 0.05000001, 1.12, 0, False, 0
217, directionalNoAccel, LeftCurve, 233, -3.818056E-06, 0.05000001, 1.12, 0, False, 0
218, directionalNoAccel, LeftCurve, 233.02, -3.832544E-06, 0.05000001, 1.19, 0, True, 0
219, directionalNoAccel, LeftCurve, 233.04, -3.846747E-06, 0.05000001, 1.26, 0, True, 0
220, directionalNoAccel, LeftCurve, 233.06, -3.860668E-06, 0.05000001, 1.33, 0, True, 0
221, directionalNoAccel, LeftCurve, 233.08, -3.874309E-06, 0.05000001, 1.4, 0, True, 0
222, directionalNoAccel, LeftCurve, 233.1, -3.887677E-06, 0.05000001, 1.47, 0, True, 0
223, directionalNoAccel, LeftCurve, 233.12, -3.900776E-06, 0.05000001, 1.54, 0, True, 0
224, directionalNoAccel, LeftCurve, 233.14, -3.913611E-06, 0.05000001, 1.61, 0, True, 0
225, directionalNoAccel, LeftCurve, 233.16, -3.92619E-06, 0.05000001, 1.68, 0, True, 0
226, directionalNoAccel, LeftCurve, 233.18, -3.938517E-06, 0.05000001, 1.75, 0, True, 0
227, directionalNoAccel, LeftCurve, 233.2, -3.950593E-06, 0.05000001, 1.82, 0, True, 0
228, directionalNoAccel, LeftCurve, 233.22, -3.962426E-06, 0.05000001, 1.89, 0, True, 0
229, directionalNoAccel, LeftCurve, 233.24, -3.974021E-06, 0.05000001, 1.89, 0, False, 0
230, directionalNoAccel, LeftCurve, 233.26, -3.985386E-06, 0.05000001, 1.89, 0, False, 0
231, directionalNoAccel, LeftCurve, 233.28, -3.996523E-06, 0.05000001, 1.89, 0, False, 0
232, directionalNoAccel, LeftCurve, 233.3, -4.007438E-06, 0.05000001, 1.89, 0, False, 0
233, directionalNoAccel, LeftCurve, 233.32, -4.018134E-06, 0.05000001, 1.89, 0, False, 0
234, directionalNoAccel, LeftCurve, 233.34, -4.028615E-06, 0.05000001, 1.89, 0, False, 0
235, directionalNoAccel, LeftCurve, 233.36, -4.038886E-06, 0.05000001, 1.89, 0, False, 0
236, directionalNoAccel, LeftCurve, 233.38, -4.04895E-06, 0.05000001, 1.89, 0, False, 0
237, directionalNoAccel, LeftCurve, 233.4, -4.058811E-06, 0.05000001, 1.89, 0, False, 0
238, directionalNoAccel, LeftCurve, 233.42, -4.068473E-06, 0.05000001, 1.89, 0, False, 0
239, directionalNoAccel, LeftCurve, 233.44, -4.077937E-06, 0.05000001, 1.89, 0, False, 0
240, directionalNoAccel, LeftCurve, 233.46, -4.087209E-06, 0.05000001, 1.89, 0, False, 0
241, directionalNoAccel, LeftCurve, 233.48, -4.096291E-06, 0.05000001, 1.89, 0, False, 0
242, directionalNoAccel, LeftCurve, 233.5, -4.105187E-06, 0.05000001, 1.89, 0, False, 0
243, directionalNoAccel, LeftCurve, 233.52, -4.1139E-06, 0.05000001, 1.89, 0, False, 0
244, directionalNoAccel, LeftCurve, 233.54, -4.122433E-06, 0.05000001, 1.89, 0, False, 0
245, directionalNoAccel, LeftCurve, 233.56, -4.130789E-06, 0.05000001, 1.89, 0, False, 0
246, directionalNoAccel, LeftCurve, 233.58, -4.138969E-06, 0.05000001, 1.96, 0, True, 0
247, directionalNoAccel, LeftCurve, 233.6, -4.146978E-06, 0.05000001, 2.03, 0, True, 0
248, directionalNoAccel, LeftCurve, 233.62, -4.154831E-06, 0.05000001, 2.1, 0, True, 0
249, directionalNoAccel, LeftCurve, 233.64, -4.162534E-06, 0.05000001, 2.17, 0, True, 0
250, directionalNoAccel, LeftCurve, 233.66, -4.170085E-06, 0.05000001, 2.24, 0, True, 0
251, directionalNoAccel, LeftCurve, 233.68, -4.177486E-06, 0.05000001, 2.31, 0, True, 0
252, directionalNoAccel, LeftCurve, 233.7, -4.18474E-06, 0.05000001, 2.38, 0, True, 0
253, directionalNoAccel, LeftCurve, 233.72, -4.191847E-06, 0.05000001, 2.45, 0, True, 0
254, directionalNoAccel, LeftCurve, 233.74, -4.198812E-06, 0.05000001, 2.52, 0, True, 0
255, directionalNoAccel, LeftCurve, 233.76, -4.20564E-06, 0.05000001, 2.59, 0, True, 0
256, directionalNoAccel, LeftCurve, 233.78, -4.212329E-06, 0.05000001, 2.66, 0, True, 0
257, directionalNoAccel, LeftCurve, 233.8, -4.218885E-06, 0.05000001, 2.73, 0, True, 0
258, directionalNoAccel, LeftCurve, 233.82, -4.225311E-06, 0.05000001, 2.799999, 0, True, 0
259, directionalNoAccel, LeftCurve, 233.84, -4.231607E-06, 0.05000001, 2.869999, 0, True, 0
260, directionalNoAccel, LeftCurve, 233.86, -4.237775E-06, 0.05000001, 2.939999, 0, True, 0
261, directionalNoAccel, LeftCurve, 233.88, -4.243819E-06, 0.05000001, 3.009999, 0, True, 0
262, directionalNoAccel, LeftCurve, 233.9, -4.249741E-06, 0.05000001, 3.009999, 0, False, 0
263, directionalNoAccel, LeftCurve, 233.92, -4.25554E-06, 0.05000001, 3.009999, 0, False, 0
264, directionalNoAccel, LeftCurve, 233.94, -4.261219E-06, 0.05000001, 3.009999, 0, False, 0
265, directionalNoAccel, LeftCurve, 233.96, -4.26678E-06, 0.05000001, 3.009999, 0, False, 0
266, directionalNoAccel, LeftCurve, 233.98, -4.272223E-06, 0.05000001, 3.009999, 0, False, 0
267, directionalNoAccel, LeftCurve, 234, -4.27755E-06, 0.05000001, 3.009999, 0, False, 0
268, directionalNoAccel, LeftCurve, 234.02, -4.282763E-06, 0.05000001, 3.009999, 0, False, 0
269, directionalNoAccel, LeftCurve, 234.04, -4.287862E-06, 0.05000001, 3.009999, 0, False, 0
270, directionalNoAccel, LeftCurve, 234.06, -4.292848E-06, 0.05000001, 3.009999, 0, False, 0
271, directionalNoAccel, LeftCurve, 234.08, -4.297724E-06, 0.05000001, 3.009999, 0, False, 0
272, directionalNoAccel, LeftCurve, 234.1, -4.30249E-06, 0.05000001, 3.079999, 0, True, 0
273, directionalNoAccel, LeftCurve, 234.12, -4.307147E-06, 0.05000001, 3.149999, 0, True, 0
274, directionalNoAccel, LeftCurve, 234.14, -4.311713E-06, 0.05000001, 3.219999, 0, True, 0
275, directionalNoAccel, LeftCurve, 234.16, -4.316182E-06, 0.05000001, 3.289999, 0, True, 0
276, directionalNoAccel, LeftCurve, 234.18, -4.32056E-06, 0.05000001, 3.359999, 0, True, 0
277, directionalNoAccel, LeftCurve, 234.2, -4.324855E-06, 0.05000001, 3.429999, 0, True, 0
278, directionalNoAccel, LeftCurve, 234.22, -4.329063E-06, 0.05000001, 3.499999, 0, True, 0
279, directionalNoAccel, LeftCurve, 234.24, -4.333188E-06, 0.05000001, 3.569999, 1, True, 0
280, directionalNoAccel, LeftCurve, 234.26, -4.33723E-06, 0.05000001, 3.639999, 1, True, 0
281, directionalNoAccel, LeftCurve, 234.28, -4.341191E-06, 0.05000001, 3.709999, 1, True, 0
282, directionalNoAccel, LeftCurve, 234.3, -4.345075E-06, 0.05000001, 3.709999, 1, False, 0
283, directionalNoAccel, LeftCurve, 234.32, -4.348884E-06, 0.05000001, 3.709999, 1, False, 0
284, directionalNoAccel, LeftCurve, 234.34, -4.352622E-06, 0.05000001, 3.709999, 1, False, 0
285, directionalNoAccel, LeftCurve, 234.36, -4.356292E-06, 0.05000001, 3.709999, 1, False, 0
286, directionalNoAccel, LeftCurve, 234.38, -4.3599E-06, 0.05000001, 3.709999, 1, False, 0
287, directionalNoAccel, LeftCurve, 234.4, -4.363449E-06, 0.05000001, 3.709999, 1, False, 0
288, directionalNoAccel, LeftCurve, 234.42, -4.366943E-06, 0.05000001, 3.779999, 1, True, 0
289, directionalNoAccel, LeftCurve, 234.44, -4.370385E-06, 0.05000001, 3.849998, 1, True, 0
290, directionalNoAccel, LeftCurve, 234.46, -4.37376E-06, 0.05000001, 3.919998, 1, True, 0
291, directionalNoAccel, LeftCurve, 234.48, -4.377077E-06, 0.05000001, 3.989998, 1, True, 0
292, directionalNoAccel, LeftCurve, 234.5, -4.380327E-06, 0.05000001, 4.059999, 1, True, 0
293, directionalNoAccel, LeftCurve, 234.52, -4.383513E-06, 0.05000001, 4.129999, 1, True, 0
294, directionalNoAccel, LeftCurve, 234.54, -4.386638E-06, 0.05000001, 4.199999, 1, True, 0
295, directionalNoAccel, LeftCurve, 234.56, -4.389704E-06, 0.05000001, 4.199999, 1, False, 0
296, directionalNoAccel, LeftCurve, 234.58, -4.392705E-06, 0.05000001, 4.199999, 1, False, 0
297, directionalNoAccel, LeftCurve, 234.6, -4.395647E-06, 0.05000001, 4.199999, 1, False, 0
298, directionalNoAccel, LeftCurve, 234.62, -4.398533E-06, 0.05000001, 4.199999, 1, False, 0
299, directionalNoAccel, LeftCurve, 234.64, -4.401367E-06, 0.05000001, 4.199999, 1, False, 0
300, directionalNoAccel, LeftCurve, 234.66, -4.404154E-06, 0.05000001, 4.269999, 1, True, 0
301, directionalNoAccel, LeftCurve, 234.68, -4.406897E-06, 0.05000001, 4.339999, 1, True, 0
302, directionalNoAccel, LeftCurve, 234.7, -0.07000441, 0.05000001, 4.409999, 1, True, 0
303, directionalNoAccel, LeftCurve, 234.72, -0.1400044, 0.05000001, 4.48, 1, True, 0
304, directionalNoAccel, LeftCurve, 234.74, -0.2100044, 0.05000001, 4.55, 1, True, 0
305, directionalNoAccel, LeftCurve, 234.76, -0.2800044, 0.05000001, 4.62, 1, True, 0
306, directionalNoAccel, LeftCurve, 234.78, -0.2800044, 0.05000001, 4.62, 1, False, 0
307, directionalNoAccel, LeftCurve, 234.8, -0.2800044, 0.04999995, 4.62, 1, False, 0
308, directionalNoAccel, LeftCurve, 234.82, -0.2800044, 0.04999995, 4.62, 1, False, 0
309, directionalNoAccel, LeftCurve, 234.84, -0.2800044, 0.04999995, 4.62, 1, False, 0
310, directionalNoAccel, LeftCurve, 234.86, -0.2800044, 0.04999995, 4.62, 1, False, 0
311, directionalNoAccel, LeftCurve, 234.88, -0.3500044, 0.04999995, 4.69, 1, True, 0
312, directionalNoAccel, LeftCurve, 234.9, -0.4200044, 0.04999995, 4.76, 1, True, 0
313, directionalNoAccel, LeftCurve, 234.92, -0.4900044, 0.04999995, 4.83, 1, True, 0
314, directionalNoAccel, LeftCurve, 234.94, -0.5600044, 0.04999995, 4.900001, 1, True, 0
315, directionalNoAccel, LeftCurve, 234.96, -0.6300044, 0.04999995, 4.970001, 1, True, 0
316, directionalNoAccel, LeftCurve, 234.98, -0.7000044, 0.04999995, 5.040001, 1, True, 0
317, directionalNoAccel, LeftCurve, 235, -0.7700044, 0.04999995, 5.110001, 1, True, 0
318, directionalNoAccel, LeftCurve, 235.02, -0.7700044, 0.04999995, 5.110001, 1, False, 0
319, directionalNoAccel, LeftCurve, 235.04, -0.7700044, 0.04999995, 5.110001, 1, False, 0
320, directionalNoAccel, LeftCurve, 235.06, -0.7700044, 0.04999995, 5.110001, 1, False, 0
321, directionalNoAccel, LeftCurve, 235.08, -0.7700044, 0.04999995, 5.110001, 1, False, 0
322, directionalNoAccel, LeftCurve, 235.1, -0.7700044, 0.04999995, 5.110001, 1, False, 0
323, directionalNoAccel, LeftCurve, 235.12, -0.7700044, 0.04999995, 5.110001, 1, False, 0
324, directionalNoAccel, LeftCurve, 235.14, -0.7700044, 0.04999995, 5.110001, 1, False, 0
325, directionalNoAccel, LeftCurve, 235.16, -0.7700044, 0.04999995, 5.110001, 1, False, 0
326, directionalNoAccel, LeftCurve, 235.18, -0.7700044, 0.04999995, 5.110001, 1, False, 0
327, directionalNoAccel, LeftCurve, 235.2, -0.7700044, 0.04999995, 5.110001, 1, False, 0
328, directionalNoAccel, LeftCurve, 235.22, -0.7700044, 0.04999995, 5.110001, 1, False, 0
329, directionalNoAccel, LeftCurve, 235.24, -0.7700044, 0.04999995, 5.110001, 1, False, 0
330, directionalNoAccel, LeftCurve, 235.26, -0.7700044, 0.04999995, 5.110001, 1, False, 0
331, directionalNoAccel, LeftCurve, 235.28, -0.7700044, 0.04999995, 5.110001, 1, False, 0
332, directionalNoAccel, LeftCurve, 235.3, -0.7700044, 0.04999995, 5.110001, 1, False, 0
333, directionalNoAccel, LeftCurve, 235.32, -0.7700044, 0.04999995, 5.110001, 1, False, 0
334, directionalNoAccel, LeftCurve, 235.34, -0.7700044, 0.04999995, 5.110001, 1, False, 0
335, directionalNoAccel, LeftCurve, 235.36, -0.7700044, 0.04999995, 5.110001, 1, False, 0
336, directionalNoAccel, LeftCurve, 235.38, -0.7700044, 0.04999995, 5.110001, 1, False, 0
337, directionalNoAccel, LeftCurve, 235.4, -0.7700044, 0.04999995, 5.110001, 1, False, 0
338, directionalNoAccel, LeftCurve, 235.42, -0.7700044, 0.04999995, 5.110001, 1, False, 0
339, directionalNoAccel, LeftCurve, 235.44, -0.7700044, 0.04999995, 5.110001, 1, False, 0
340, directionalNoAccel, LeftCurve, 235.46, -0.7700044, 0.04999995, 5.110001, 1, False, 0
341, directionalNoAccel, LeftCurve, 235.48, -0.7700044, 0.04999995, 5.110001, 1, False, 0
342, directionalNoAccel, LeftCurve, 235.5, -0.7700044, 0.04999995, 5.110001, 1, False, 0
343, directionalNoAccel, LeftCurve, 235.52, -0.7700044, 0.04999995, 5.110001, 1, False, 0
344, directionalNoAccel, LeftCurve, 235.54, -0.7700044, 0.04999995, 5.110001, 1, False, 0
345, directionalNoAccel, LeftCurve, 235.56, -0.7700044, 0.04999995, 5.110001, 1, False, 0
346, directionalNoAccel, LeftCurve, 235.58, -0.7700044, 0.04999995, 5.110001, 1, False, 0
347, directionalNoAccel, LeftCurve, 235.6, -0.7700044, 0.04999995, 5.110001, 1, False, 0
348, directionalNoAccel, LeftCurve, 235.62, -0.7700044, 0.04999995, 5.110001, 1, False, 0
349, directionalNoAccel, LeftCurve, 235.64, -0.7700044, 0.04999995, 5.110001, 1, False, 0
350, directionalNoAccel, LeftCurve, 235.66, -0.7700044, 0.04999995, 5.110001, 1, False, 0
351, directionalNoAccel, LeftCurve, 235.68, -0.7700044, 0.04999995, 5.110001, 1, False, 0
352, directionalNoAccel, LeftCurve, 235.7, -0.7700044, 0.04999995, 5.110001, 1, False, 0
353, directionalNoAccel, LeftCurve, 235.72, -0.7700044, 0.04999995, 5.110001, 1, False, 0
354, directionalNoAccel, LeftCurve, 235.74, -0.7700044, 0.04999995, 5.110001, 1, False, 0
355, directionalNoAccel, LeftCurve, 235.76, -0.7700044, 0.04999995, 5.110001, 1, False, 0
356, directionalNoAccel, LeftCurve, 235.78, -0.7700044, 0.04999995, 5.110001, 1, False, 0
357, directionalNoAccel, LeftCurve, 235.8, -0.7700044, 0.04999995, 5.110001, 1, False, 0
358, directionalNoAccel, LeftCurve, 235.82, -0.7700044, 0.04999995, 5.110001, 1, False, 0
359, directionalNoAccel, LeftCurve, 235.84, -0.7700044, 0.04999995, 5.110001, 1, False, 0
360, directionalNoAccel, LeftCurve, 235.86, -0.7700044, 0.04999995, 5.110001, 1, False, 0
361, directionalNoAccel, LeftCurve, 235.88, -0.7700044, 0.04999995, 5.110001, 1, False, 0
362, directionalNoAccel, LeftCurve, 235.9, -0.7700044, 0.04999995, 5.110001, 1, False, 0
363, directionalNoAccel, LeftCurve, 235.92, -0.7700044, 0.04999995, 5.110001, 1, False, 0
364, directionalNoAccel, LeftCurve, 235.94, -0.7700044, 0.04999995, 5.110001, 1, False, 0
365, directionalNoAccel, LeftCurve, 235.96, -0.7700044, 0.04999995, 5.110001, 1, False, 0
366, directionalNoAccel, LeftCurve, 235.98, -0.7700044, 0.04999995, 5.110001, 1, False, 0
367, directionalNoAccel, LeftCurve, 236, -0.7700044, 0.04999995, 5.110001, 1, False, 0
368, directionalNoAccel, LeftCurve, 236.02, -0.7700044, 0.04999995, 5.110001, 1, False, 0
369, directionalNoAccel, LeftCurve, 236.04, -0.7700044, 0.04999995, 5.110001, 1, False, 0
370, directionalNoAccel, LeftCurve, 236.06, -0.7700044, 0.04999995, 5.110001, 1, False, 0
371, directionalNoAccel, LeftCurve, 236.08, -0.7700044, 0.04999995, 5.110001, 1, False, 0
372, directionalNoAccel, LeftCurve, 236.1, -0.8400044, 0.04999995, 5.180001, 1, True, 0
373, directionalNoAccel, LeftCurve, 236.12, -0.9100044, 0.04999995, 5.250001, 1, True, 0
374, directionalNoAccel, LeftCurve, 236.14, -0.9800044, 0.04999995, 5.320002, 1, True, 0
375, directionalNoAccel, LeftCurve, 236.16, -1.050004, 0.04999995, 5.390002, 1, True, 0
376, directionalNoAccel, LeftCurve, 236.18, -1.120004, 0.04999995, 5.460002, 1, True, 0
377, directionalNoAccel, LeftCurve, 236.2, -1.190004, 0.04999995, 5.530002, 1, True, 0
378, directionalNoAccel, LeftCurve, 236.22, -1.260005, 0.04999995, 5.600002, 1, True, 0
379, directionalNoAccel, LeftCurve, 236.24, -1.330005, 0.04999995, 5.670002, 1, True, 0
380, directionalNoAccel, LeftCurve, 236.26, -1.400005, 0.04999995, 5.740003, 1, True, 0
381, directionalNoAccel, LeftCurve, 236.28, -1.470005, 0.04999995, 5.810003, 1, True, 0
382, directionalNoAccel, LeftCurve, 236.3, -1.540005, 0.04999995, 5.880003, 1, True, 0
383, directionalNoAccel, LeftCurve, 236.32, -1.610005, 0.04999995, 5.950003, 1, True, 0
384, directionalNoAccel, LeftCurve, 236.34, -1.680005, 0.04999995, 6.020003, 1, True, 0
385, directionalNoAccel, LeftCurve, 236.36, -1.680005, 0.04999995, 6.020003, 1, False, 0
386, directionalNoAccel, LeftCurve, 236.38, -1.680005, 0.04999995, 6.020003, 1, False, 0
387, directionalNoAccel, LeftCurve, 236.4, -1.680005, 0.04999995, 6.020003, 1, False, 0
388, directionalNoAccel, LeftCurve, 236.42, -1.680005, 0.04999995, 6.020003, 1, False, 0
389, directionalNoAccel, LeftCurve, 236.44, -1.680005, 0.04999995, 6.020003, 1, False, 0
390, directionalNoAccel, LeftCurve, 236.46, -1.680005, 0.04999995, 6.020003, 1, False, 0
391, directionalNoAccel, LeftCurve, 236.48, -1.680005, 0.04999995, 6.020003, 1, False, 0
392, directionalNoAccel, LeftCurve, 236.5, -1.680005, 0.04999995, 6.020003, 1, False, 0
393, directionalNoAccel, LeftCurve, 236.52, -1.680005, 0.04999995, 6.020003, 1, False, 0
394, directionalNoAccel, LeftCurve, 236.54, -1.680005, 0.04999995, 6.020003, 1, False, 0
395, directionalNoAccel, LeftCurve, 236.56, -1.680005, 0.04999995, 6.020003, 1, False, 0
396, directionalNoAccel, LeftCurve, 236.58, -1.680005, 0.04999995, 6.020003, 1, False, 0
397, directionalNoAccel, LeftCurve, 236.6, -1.680005, 0.04999995, 6.020003, 1, False, 0
398, directionalNoAccel, LeftCurve, 236.62, -1.680005, 0.04999995, 6.020003, 1, False, 0
399, directionalNoAccel, LeftCurve, 236.64, -1.680005, 0.04999995, 6.020003, 1, False, 0
400, directionalNoAccel, LeftCurve, 236.66, -1.680005, 0.04999995, 6.020003, 1, False, 0
401, directionalNoAccel, LeftCurve, 236.68, -1.680005, 0.04999995, 6.020003, 1, False, 0
402, directionalNoAccel, LeftCurve, 236.7, -1.680005, 0.04999995, 6.020003, 1, False, 0
403, directionalNoAccel, LeftCurve, 236.72, -1.680005, 0.04999995, 6.020003, 1, False, 0
404, directionalNoAccel, LeftCurve, 236.74, -1.680005, 0.04999995, 6.020003, 1, False, 0
405, directionalNoAccel, LeftCurve, 236.76, -1.680005, 0.04999995, 6.020003, 1, False, 0
406, directionalNoAccel, LeftCurve, 236.78, -1.680005, 0.04999995, 6.020003, 1, False, 0
407, directionalNoAccel, LeftCurve, 236.8, -1.680005, 0.04999995, 6.020003, 1, False, 0
408, directionalNoAccel, LeftCurve, 236.82, -1.680005, 0.04999995, 6.020003, 1, False, 0
409, directionalNoAccel, LeftCurve, 236.84, -1.680005, 0.04999995, 6.020003, 1, False, 0
410, directionalNoAccel, LeftCurve, 236.86, -1.680005, 0.04999995, 6.020003, 1, False, 0
411, directionalNoAccel, LeftCurve, 236.88, -1.680005, 0.04999995, 6.020003, 1, False, 0
412, directionalNoAccel, LeftCurve, 236.9, -1.680005, 0.04999995, 6.020003, 1, False, 0
413, directionalNoAccel, LeftCurve, 236.92, -1.680005, 0.04999995, 6.020003, 1, False, 0
414, directionalNoAccel, LeftCurve, 236.94, -1.680005, 0.04999995, 6.020003, 1, False, 0
415, directionalNoAccel, LeftCurve, 236.96, -1.680005, 0.04999995, 6.020003, 1, False, 0
416, directionalNoAccel, LeftCurve, 236.98, -1.680005, 0.04999995, 6.020003, 1, False, 0
417, directionalNoAccel, LeftCurve, 237, -1.680005, 0.04999995, 6.020003, 1, False, 0
418, directionalNoAccel, LeftCurve, 237.02, -1.680005, 0.04999995, 6.020003, 1, False, 0
419, directionalNoAccel, LeftCurve, 237.04, -1.680005, 0.04999995, 6.020003, 1, False, 0
420, directionalNoAccel, LeftCurve, 237.06, -1.680005, 0.04999995, 6.020003, 1, False, 0
421, directionalNoAccel, LeftCurve, 237.08, -1.680005, 0.04999995, 6.020003, 1, False, 0
422, directionalNoAccel, LeftCurve, 237.1, -1.680005, 0.04999995, 6.020003, 1, False, 0
423, directionalNoAccel, LeftCurve, 237.12, -1.680005, 0.04999995, 6.020003, 1, False, 0
424, directionalNoAccel, LeftCurve, 237.14, -1.680005, 0.04999995, 6.020003, 1, False, 0
425, directionalNoAccel, LeftCurve, 237.16, -1.680005, 0.04999995, 6.020003, 1, False, 0
426, directionalNoAccel, LeftCurve, 237.18, -1.680005, 0.04999995, 6.020003, 1, False, 0
427, directionalNoAccel, LeftCurve, 237.2, -1.680005, 0.04999995, 6.020003, 1, False, 0
428, directionalNoAccel, LeftCurve, 237.22, -1.680005, 0.04999995, 6.020003, 1, False, 0
429, directionalNoAccel, LeftCurve, 237.24, -1.680005, 0.04999995, 6.020003, 1, False, 0
430, directionalNoAccel, LeftCurve, 237.26, -1.680005, 0.04999995, 6.020003, 1, False, 0
431, directionalNoAccel, LeftCurve, 237.28, -1.680005, 0.04999995, 6.020003, 1, False, 0
432, directionalNoAccel, LeftCurve, 237.3, -1.680005, 0.04999995, 6.020003, 1, False, 0
433, directionalNoAccel, LeftCurve, 237.32, -1.680005, 0.04999995, 6.020003, 1, False, 0
434, directionalNoAccel, LeftCurve, 237.34, -1.680005, 0.04999995, 6.020003, 1, False, 0
435, directionalNoAccel, LeftCurve, 237.36, -1.680005, 0.04999995, 6.020003, 1, False, 0
436, directionalNoAccel, LeftCurve, 237.38, -1.680005, 0.04999995, 6.020003, 1, False, 0
437, directionalNoAccel, LeftCurve, 237.4, -1.680005, 0.04999995, 6.020003, 1, False, 0
438, directionalNoAccel, LeftCurve, 237.42, -1.680005, 0.04999995, 6.020003, 1, False, 0
439, directionalNoAccel, LeftCurve, 237.44, -1.680005, 0.04999995, 6.020003, 1, False, 0
440, directionalNoAccel, LeftCurve, 237.46, -1.680005, 0.04999995, 6.020003, 1, False, 0
441, directionalNoAccel, LeftCurve, 237.48, -1.680005, 0.04999995, 6.020003, 1, False, 0
442, directionalNoAccel, LeftCurve, 237.5, -1.680005, 0.04999995, 6.020003, 1, False, 0
443, directionalNoAccel, LeftCurve, 237.52, -1.680005, 0.04999995, 6.020003, 1, False, 0
444, directionalNoAccel, LeftCurve, 237.54, -1.680005, 0.04999995, 6.020003, 1, False, 0
445, directionalNoAccel, LeftCurve, 237.56, -1.680005, 0.04999995, 6.020003, 1, False, 0
446, directionalNoAccel, LeftCurve, 237.58, -1.680005, 0.04999995, 6.020003, 1, False, 0
447, directionalNoAccel, LeftCurve, 237.6, -1.680005, 0.04999995, 6.090003, 1, True, 0
448, directionalNoAccel, LeftCurve, 237.62, -1.680005, 0.04999995, 6.160004, 1, True, 0
449, directionalNoAccel, LeftCurve, 237.64, -1.680005, 0.04999995, 6.230004, 1, True, 0
450, directionalNoAccel, LeftCurve, 237.66, -1.680005, 0.04999995, 6.300004, 1, True, 0
451, directionalNoAccel, LeftCurve, 237.68, -1.680005, 0.04999995, 6.370004, 1, True, 0
452, directionalNoAccel, LeftCurve, 237.7, -1.610005, 0.04999995, 6.440004, 1, True, 0
453, directionalNoAccel, LeftCurve, 237.72, -1.540005, 0.04999995, 6.510005, 1, True, 0
454, directionalNoAccel, LeftCurve, 237.74, -1.470005, 0.04999995, 6.580005, 1, True, 0
455, directionalNoAccel, LeftCurve, 237.76, -1.470005, 0.04999995, 6.580005, 1, False, 0
456, directionalNoAccel, LeftCurve, 237.78, -1.470005, 0.04999995, 6.580005, 1, False, 0
457, directionalNoAccel, LeftCurve, 237.8, -1.470005, 0.04999995, 6.580005, 1, False, 0
458, directionalNoAccel, LeftCurve, 237.82, -1.470005, 0.04999995, 6.580005, 1, False, 0
459, directionalNoAccel, LeftCurve, 237.84, -1.470005, 0.04999995, 6.580005, 1, False, 0
460, directionalNoAccel, LeftCurve, 237.86, -1.470005, 0.04999995, 6.580005, 1, False, 0
461, directionalNoAccel, LeftCurve, 237.88, -1.470005, 0.04999995, 6.580005, 1, False, 0
462, directionalNoAccel, LeftCurve, 237.9, -1.470005, 0.04999995, 6.580005, 1, False, 0
463, directionalNoAccel, LeftCurve, 237.92, -1.470005, 0.04999995, 6.580005, 1, False, 0
464, directionalNoAccel, LeftCurve, 237.94, -1.470005, 0.04999995, 6.580005, 1, False, 0
465, directionalNoAccel, LeftCurve, 237.96, -1.470005, 0.04999995, 6.580005, 1, False, 0
466, directionalNoAccel, LeftCurve, 237.98, -1.470005, 0.04999995, 6.580005, 1, False, 0
467, directionalNoAccel, LeftCurve, 238, -1.470005, 0.04999995, 6.580005, 1, False, 0
468, directionalNoAccel, LeftCurve, 238.02, -1.470005, 0.04999995, 6.580005, 1, False, 0
469, directionalNoAccel, LeftCurve, 238.04, -1.470005, 0.04999995, 6.580005, 1, False, 0
470, directionalNoAccel, LeftCurve, 238.06, -1.470005, 0.04999995, 6.580005, 1, False, 0
471, directionalNoAccel, LeftCurve, 238.08, -1.470005, 0.04999995, 6.580005, 1, False, 0
472, directionalNoAccel, LeftCurve, 238.1, -1.470005, 0.04999995, 6.650005, 1, True, 0
473, directionalNoAccel, LeftCurve, 238.12, -1.470005, 0.04999995, 6.720005, 1, True, 0
474, directionalNoAccel, LeftCurve, 238.14, -1.470005, 0.04999995, 6.790005, 1, True, 0
475, directionalNoAccel, LeftCurve, 238.16, -1.470005, 0.04999995, 6.860005, 1, True, 0
476, directionalNoAccel, LeftCurve, 238.18, -1.470005, 0.04999995, 6.930006, 1, True, 0
477, directionalNoAccel, LeftCurve, 238.2, -1.470005, 0.04999995, 7.000006, 1, True, 0
478, directionalNoAccel, LeftCurve, 238.22, -1.470005, 0.04999995, 7.000006, 1, False, 0
479, directionalNoAccel, LeftCurve, 238.24, -1.470005, 0.04999995, 7.000006, 1, False, 0
480, directionalNoAccel, LeftCurve, 238.26, -1.470005, 0.04999995, 7.000006, 1, False, 0
481, directionalNoAccel, LeftCurve, 238.28, -1.470005, 0.04999995, 7.000006, 1, False, 0
482, directionalNoAccel, LeftCurve, 238.3, -1.470005, 0.04999995, 7.000006, 1, False, 0
483, directionalNoAccel, LeftCurve, 238.32, -1.470005, 0.04999995, 7.000006, 1, False, 0
484, directionalNoAccel, LeftCurve, 238.34, -1.470005, 0.04999995, 7.000006, 1, False, 0
485, directionalNoAccel, LeftCurve, 238.36, -1.470005, 0.04999995, 7.000006, 1, False, 0
486, directionalNoAccel, LeftCurve, 238.38, -1.470005, 0.04999995, 7.000006, 1, False, 0
487, directionalNoAccel, LeftCurve, 238.4, -1.470005, 0.04999995, 7.000006, 1, False, 0
488, directionalNoAccel, LeftCurve, 238.42, -1.470005, 0.04999995, 7.000006, 1, False, 0
489, directionalNoAccel, LeftCurve, 238.44, -1.470005, 0.04999995, 7.000006, 1, False, 0
490, directionalNoAccel, LeftCurve, 238.46, -1.470005, 0.04999995, 7.000006, 1, False, 0
491, directionalNoAccel, LeftCurve, 238.48, -1.470005, 0.04999995, 7.000006, 1, False, 0
492, directionalNoAccel, LeftCurve, 238.5, -1.470005, 0.04999995, 7.000006, 1, False, 0
493, directionalNoAccel, LeftCurve, 238.52, -1.470005, 0.04999995, 7.070006, 1, True, 0
494, directionalNoAccel, LeftCurve, 238.54, -1.470005, 0.04999995, 7.140006, 1, True, 0
495, directionalNoAccel, LeftCurve, 238.56, -1.470005, 0.04999995, 7.210006, 2, True, 0
496, directionalNoAccel, LeftCurve, 238.58, -1.470005, 0.04999995, 7.280006, 2, True, 0
497, directionalNoAccel, LeftCurve, 238.6, -1.470005, 0.04999995, 7.350007, 2, True, 0
498, directionalNoAccel, LeftCurve, 238.62, -1.470005, 0.04999995, 7.420007, 2, True, 0
499, directionalNoAccel, LeftCurve, 238.64, -1.470005, 0.04999995, 7.490007, 2, True, 0
500, directionalNoAccel, LeftCurve, 238.66, -1.470005, 0.04999995, 7.560007, 2, True, 0
501, directionalNoAccel, LeftCurve, 238.68, -1.470005, 0.04999995, 7.560007, 2, False, 0
502, directionalNoAccel, LeftCurve, 238.7, -1.470005, 0.04999995, 7.560007, 2, False, 0
503, directionalNoAccel, LeftCurve, 238.72, -1.470005, 0.04999995, 7.560007, 2, False, 0
504, directionalNoAccel, LeftCurve, 238.74, -1.470005, 0.04999995, 7.560007, 2, False, 0
505, directionalNoAccel, LeftCurve, 238.76, -1.470005, 0.04999995, 7.560007, 2, False, 0
506, directionalNoAccel, LeftCurve, 238.78, -1.470005, 0.04999995, 7.560007, 2, False, 0
507, directionalNoAccel, LeftCurve, 238.8, -1.470005, 0.04999995, 7.560007, 2, False, 0
508, directionalNoAccel, LeftCurve, 238.82, -1.470005, 0.04999995, 7.560007, 2, False, 0
509, directionalNoAccel, LeftCurve, 238.84, -1.470005, 0.04999995, 7.560007, 2, False, 0
510, directionalNoAccel, LeftCurve, 238.86, -1.470005, 0.04999995, 7.560007, 2, False, 0
511, directionalNoAccel, LeftCurve, 238.88, -1.470005, 0.04999995, 7.560007, 2, False, 0
512, directionalNoAccel, LeftCurve, 238.9, -1.470005, 0.04999995, 7.630007, 2, True, 0
513, directionalNoAccel, LeftCurve, 238.92, -1.470005, 0.04999995, 7.700007, 2, True, 0
514, directionalNoAccel, LeftCurve, 238.94, -1.470005, 0.04999995, 7.770008, 2, True, 0
515, directionalNoAccel, LeftCurve, 238.96, -1.470005, 0.04999995, 7.840008, 2, True, 0
516, directionalNoAccel, LeftCurve, 238.98, -1.470005, 0.04999995, 7.910008, 2, True, 0
517, directionalNoAccel, LeftCurve, 239, -1.470005, 0.04999995, 7.980008, 2, True, 0
518, directionalNoAccel, LeftCurve, 239.02, -1.470005, 0.04999995, 8.050008, 2, True, 0
519, directionalNoAccel, LeftCurve, 239.04, -1.470005, 0.04999995, 8.120008, 2, True, 0
520, directionalNoAccel, LeftCurve, 239.06, -1.470005, 0.04999995, 8.120008, 2, False, 0
521, directionalNoAccel, LeftCurve, 239.08, -1.470005, 0.04999995, 8.120008, 2, False, 0
522, directionalNoAccel, LeftCurve, 239.1, -1.470005, 0.04999995, 8.120008, 2, False, 0
523, directionalNoAccel, LeftCurve, 239.12, -1.470005, 0.04999995, 8.120008, 2, False, 0
524, directionalNoAccel, LeftCurve, 239.14, -1.470005, 0.04999995, 8.120008, 2, False, 0
525, directionalNoAccel, LeftCurve, 239.16, -1.470005, 0.04999995, 8.120008, 2, False, 0
526, directionalNoAccel, LeftCurve, 239.18, -1.470005, 0.04999995, 8.190007, 2, True, 0
527, directionalNoAccel, LeftCurve, 239.2, -1.470005, 0.04999995, 8.260007, 2, True, 0
528, directionalNoAccel, LeftCurve, 239.22, -1.470005, 0.04999995, 8.330007, 2, True, 0
529, directionalNoAccel, LeftCurve, 239.24, -1.470005, 0.04999995, 8.400006, 2, True, 0
530, directionalNoAccel, LeftCurve, 239.26, -1.470005, 0.04999995, 8.470006, 2, True, 0
531, directionalNoAccel, LeftCurve, 239.28, -1.470005, 0.04999995, 8.540006, 2, True, 0
532, directionalNoAccel, LeftCurve, 239.3, -1.470005, 0.04999995, 8.610005, 2, True, 0
533, directionalNoAccel, LeftCurve, 239.32, -1.470005, 0.04999995, 8.680005, 2, True, 0
534, directionalNoAccel, LeftCurve, 239.34, -1.470005, 0.04999995, 8.680005, 2, False, 0
535, directionalNoAccel, LeftCurve, 239.36, -1.470005, 0.04999995, 8.680005, 2, False, 0
536, directionalNoAccel, LeftCurve, 239.38, -1.470005, 0.04999995, 8.680005, 2, False, 0
537, directionalNoAccel, LeftCurve, 239.4, -1.470005, 0.04999995, 8.680005, 2, False, 0
538, directionalNoAccel, LeftCurve, 239.42, -1.470005, 0.04999995, 8.680005, 2, False, 0
539, directionalNoAccel, LeftCurve, 239.44, -1.470005, 0.04999995, 8.680005, 2, False, 0
540, directionalNoAccel, LeftCurve, 239.46, -1.470005, 0.04999995, 8.680005, 2, False, 0
541, directionalNoAccel, LeftCurve, 239.48, -1.470005, 0.04999995, 8.680005, 2, False, 0
542, directionalNoAccel, LeftCurve, 239.5, -1.470005, 0.04999995, 8.680005, 2, False, 0
543, directionalNoAccel, LeftCurve, 239.52, -1.470005, 0.04999995, 8.680005, 2, False, 0
544, directionalNoAccel, LeftCurve, 239.54, -1.470005, 0.04999995, 8.680005, 2, False, 0
545, directionalNoAccel, LeftCurve, 239.56, -1.470005, 0.04999995, 8.680005, 2, False, 0
546, directionalNoAccel, LeftCurve, 239.58, -1.470005, 0.04999995, 8.680005, 2, False, 0
547, directionalNoAccel, LeftCurve, 239.6, -1.470005, 0.04999995, 8.680005, 2, False, 0
548, directionalNoAccel, LeftCurve, 239.62, -1.470005, 0.04999995, 8.680005, 2, False, 0
549, directionalNoAccel, LeftCurve, 239.64, -1.470005, 0.04999995, 8.680005, 2, False, 0
550, directionalNoAccel, LeftCurve, 239.66, -1.470005, 0.04999995, 8.680005, 2, False, 0
551, directionalNoAccel, LeftCurve, 239.68, -1.470005, 0.04999995, 8.680005, 2, False, 0
552, directionalNoAccel, LeftCurve, 239.7, -1.470005, 0.04999995, 8.680005, 2, False, 0
553, directionalNoAccel, LeftCurve, 239.72, -1.470005, 0.04999995, 8.680005, 2, False, 0
554, directionalNoAccel, LeftCurve, 239.74, -1.470005, 0.04999995, 8.680005, 2, False, 0
555, directionalNoAccel, LeftCurve, 239.76, -1.470005, 0.04999995, 8.680005, 2, False, 0
556, directionalNoAccel, LeftCurve, 239.78, -1.470005, 0.04999995, 8.680005, 2, False, 0
557, directionalNoAccel, LeftCurve, 239.8, -1.470005, 0.04999995, 8.680005, 2, False, 0
558, directionalNoAccel, LeftCurve, 239.82, -1.470005, 0.04999995, 8.680005, 2, False, 0
559, directionalNoAccel, LeftCurve, 239.84, -1.470005, 0.04999995, 8.680005, 2, False, 0
560, directionalNoAccel, LeftCurve, 239.86, -1.470005, 0.04999995, 8.680005, 2, False, 0
561, directionalNoAccel, LeftCurve, 239.88, -1.470005, 0.04999995, 8.680005, 2, False, 0
562, directionalNoAccel, LeftCurve, 239.9, -1.470005, 0.04999995, 8.680005, 2, False, 0
563, directionalNoAccel, LeftCurve, 239.92, -1.470005, 0.04999995, 8.680005, 2, False, 0
564, directionalNoAccel, LeftCurve, 239.94, -1.470005, 0.04999995, 8.680005, 2, False, 0
565, directionalNoAccel, LeftCurve, 239.96, -1.470005, 0.04999995, 8.680005, 2, False, 0
566, directionalNoAccel, LeftCurve, 239.98, -1.470005, 0.04999995, 8.680005, 2, False, 0
567, directionalNoAccel, LeftCurve, 240, -1.470005, 0.04999995, 8.680005, 2, False, 0
568, directionalNoAccel, LeftCurve, 240.02, -1.470005, 0.04999995, 8.680005, 2, False, 0
569, directionalNoAccel, LeftCurve, 240.04, -1.470005, 0.04999995, 8.680005, 2, False, 0
570, directionalNoAccel, LeftCurve, 240.06, -1.470005, 0.04999995, 8.680005, 2, False, 0
571, directionalNoAccel, LeftCurve, 240.08, -1.470005, 0.04999995, 8.680005, 2, False, 0
572, directionalNoAccel, LeftCurve, 240.1, -1.470005, 0.04999995, 8.680005, 2, False, 0
573, directionalNoAccel, LeftCurve, 240.12, -1.470005, 0.04999995, 8.680005, 2, False, 0
574, directionalNoAccel, LeftCurve, 240.14, -1.470005, 0.04999995, 8.680005, 2, False, 0
575, directionalNoAccel, LeftCurve, 240.16, -1.470005, 0.04999995, 8.680005, 2, False, 0
576, directionalNoAccel, LeftCurve, 240.18, -1.470005, 0.04999995, 8.680005, 2, False, 0
577, directionalNoAccel, LeftCurve, 240.2, -1.470005, 0.04999995, 8.680005, 2, False, 0
578, directionalNoAccel, LeftCurve, 240.22, -1.470005, 0.04999995, 8.680005, 2, False, 0
579, directionalNoAccel, LeftCurve, 240.24, -1.470005, 0.04999995, 8.680005, 2, False, 0
580, directionalNoAccel, LeftCurve, 240.26, -1.470005, 0.04999995, 8.680005, 2, False, 0
581, directionalNoAccel, LeftCurve, 240.28, -1.470005, 0.04999995, 8.680005, 2, False, 0
582, directionalNoAccel, LeftCurve, 240.3, -1.470005, 0.04999995, 8.680005, 2, False, 0
583, directionalNoAccel, LeftCurve, 240.32, -1.470005, 0.04999995, 8.750005, 2, True, 0
584, directionalNoAccel, LeftCurve, 240.34, -1.470005, 0.04999995, 8.820004, 2, True, 0
585, directionalNoAccel, LeftCurve, 240.36, -1.470005, 0.04999995, 8.890004, 2, True, 0
586, directionalNoAccel, LeftCurve, 240.38, -1.470005, 0.04999995, 8.960004, 2, True, 0
587, directionalNoAccel, LeftCurve, 240.4, -1.470005, 0.04999995, 9.030004, 2, True, 0
588, directionalNoAccel, LeftCurve, 240.42, -1.470005, 0.04999995, 9.100003, 2, True, 0
589, directionalNoAccel, LeftCurve, 240.44, -1.470005, 0.04999995, 9.170003, 2, True, 0
590, directionalNoAccel, LeftCurve, 240.46, -1.470005, 0.04999995, 9.240003, 2, True, 0
591, directionalNoAccel, LeftCurve, 240.48, -1.470005, 0.04999995, 9.310002, 2, True, 0
592, directionalNoAccel, LeftCurve, 240.5, -1.470005, 0.04999995, 9.380002, 2, True, 0
593, directionalNoAccel, LeftCurve, 240.52, -1.540005, 0.04999995, 9.450002, 2, True, 0
594, directionalNoAccel, LeftCurve, 240.54, -1.610005, 0.04999995, 9.520001, 2, True, 0
595, directionalNoAccel, LeftCurve, 240.56, -1.610005, 0.04999995, 9.520001, 2, False, 0
596, directionalNoAccel, LeftCurve, 240.58, -1.610005, 0.04999995, 9.520001, 2, False, 0
597, directionalNoAccel, LeftCurve, 240.6, -1.610005, 0.04999995, 9.520001, 2, False, 0
598, directionalNoAccel, LeftCurve, 240.62, -1.610005, 0.04999995, 9.520001, 2, False, 0
599, directionalNoAccel, LeftCurve, 240.64, -1.610005, 0.04999995, 9.520001, 2, False, 0
600, directionalNoAccel, LeftCurve, 240.66, -1.610005, 0.04999995, 9.520001, 2, False, 0
601, directionalNoAccel, LeftCurve, 240.68, -1.610005, 0.04999995, 9.520001, 2, False, 0
602, directionalNoAccel, LeftCurve, 240.7, -1.610005, 0.04999995, 9.520001, 2, False, 0
603, directionalNoAccel, LeftCurve, 240.72, -1.610005, 0.04999995, 9.520001, 2, False, 0
604, directionalNoAccel, LeftCurve, 240.74, -1.610005, 0.04999995, 9.520001, 2, False, 0
605, directionalNoAccel, LeftCurve, 240.76, -1.610005, 0.04999995, 9.520001, 2, False, 0
606, directionalNoAccel, LeftCurve, 240.78, -1.610005, 0.04999995, 9.520001, 2, False, 0
607, directionalNoAccel, LeftCurve, 240.8, -1.610005, 0.04999995, 9.520001, 2, False, 0
608, directionalNoAccel, LeftCurve, 240.82, -1.610005, 0.04999995, 9.520001, 2, False, 0
609, directionalNoAccel, LeftCurve, 240.84, -1.680005, 0.04999995, 9.590001, 2, True, 0
610, directionalNoAccel, LeftCurve, 240.86, -1.750005, 0.04999995, 9.660001, 2, True, 0
611, directionalNoAccel, LeftCurve, 240.88, -1.820005, 0.04999995, 9.73, 2, True, 0
612, directionalNoAccel, LeftCurve, 240.9, -1.890005, 0.04999995, 9.8, 2, True, 0
613, directionalNoAccel, LeftCurve, 240.92, -1.960005, 0.04999995, 9.87, 2, True, 0
614, directionalNoAccel, LeftCurve, 240.94, -2.030005, 0.04999995, 9.94, 2, True, 0
615, directionalNoAccel, LeftCurve, 240.96, -2.030005, 0.04999995, 9.94, 2, False, 0
616, directionalNoAccel, LeftCurve, 240.98, -2.030005, 0.04999995, 9.94, 2, False, 0
617, directionalNoAccel, LeftCurve, 241, -2.030005, 0.04999995, 9.94, 2, False, 0
618, directionalNoAccel, LeftCurve, 241.02, -2.030005, 0.04999995, 9.94, 2, False, 0
619, directionalNoAccel, LeftCurve, 241.04, -2.030005, 0.04999995, 9.94, 2, False, 0
620, directionalNoAccel, LeftCurve, 241.06, -2.030005, 0.04999995, 9.94, 2, False, 0
621, directionalNoAccel, LeftCurve, 241.08, -2.030005, 0.04999995, 9.94, 2, False, 0
622, directionalNoAccel, LeftCurve, 241.1, -2.030005, 0.04999995, 9.94, 2, False, 0
623, directionalNoAccel, LeftCurve, 241.12, -2.030005, 0.04999995, 9.94, 2, False, 0
624, directionalNoAccel, LeftCurve, 241.14, -2.030005, 0.04999995, 9.94, 2, False, 0
625, directionalNoAccel, LeftCurve, 241.16, -2.030005, 0.04999995, 9.94, 2, False, 0
626, directionalNoAccel, LeftCurve, 241.18, -2.030005, 0.04999995, 9.94, 2, False, 0
627, directionalNoAccel, LeftCurve, 241.2, -2.030005, 0.04999995, 9.94, 2, False, 0
628, directionalNoAccel, LeftCurve, 241.22, -2.030005, 0.04999995, 9.94, 2, False, 0
629, directionalNoAccel, LeftCurve, 241.24, -2.030005, 0.04999995, 9.94, 2, False, 0
630, directionalNoAccel, LeftCurve, 241.26, -2.030005, 0.04999995, 9.94, 2, False, 0
631, directionalNoAccel, LeftCurve, 241.28, -2.030005, 0.04999995, 9.94, 2, False, 0
632, directionalNoAccel, LeftCurve, 241.3, -2.030005, 0.04999995, 9.94, 2, False, 0
633, directionalNoAccel, LeftCurve, 241.32, -2.030005, 0.04999995, 9.94, 2, False, 0
634, directionalNoAccel, LeftCurve, 241.34, -2.030005, 0.04999995, 9.94, 2, False, 0
635, directionalNoAccel, LeftCurve, 241.36, -2.030005, 0.04999995, 9.94, 2, False, 0
636, directionalNoAccel, LeftCurve, 241.38, -2.030005, 0.04999995, 9.94, 2, False, 0
637, directionalNoAccel, LeftCurve, 241.4, -2.030005, 0.04999995, 9.94, 2, False, 0
638, directionalNoAccel, LeftCurve, 241.42, -2.030005, 0.04999995, 9.94, 2, False, 0
639, directionalNoAccel, LeftCurve, 241.44, -2.030005, 0.04999995, 9.94, 2, False, 0
640, directionalNoAccel, LeftCurve, 241.46, -2.030005, 0.04999995, 9.94, 2, False, 0
641, directionalNoAccel, LeftCurve, 241.48, -2.100005, 0.04999995, 10.01, 2, True, 0
642, directionalNoAccel, LeftCurve, 241.5, -2.100005, 0.04999995, 10.01, 2, False, 0
643, directionalNoAccel, LeftCurve, 241.52, -2.100005, 0.04999995, 10.01, 2, False, 0
644, directionalNoAccel, LeftCurve, 241.54, -2.100005, 0.04999995, 10.01, 2, False, 0
645, directionalNoAccel, LeftCurve, 241.56, -2.100005, 0.04999995, 10.01, 2, False, 0
646, directionalNoAccel, LeftCurve, 241.58, -2.100005, 0.04999995, 10.01, 2, False, 0
647, directionalNoAccel, LeftCurve, 241.6, -2.100005, 0.04999995, 10.01, 2, False, 0
648, directionalNoAccel, LeftCurve, 241.62, -2.100005, 0.04999995, 10.01, 2, False, 0
649, directionalNoAccel, LeftCurve, 241.64, -2.100005, 0.04999995, 10.01, 2, False, 0
650, directionalNoAccel, LeftCurve, 241.66, -2.100005, 0.04999995, 10.01, 2, False, 0
651, directionalNoAccel, LeftCurve, 241.68, -2.100005, 0.04999995, 10.01, 2, False, 0
652, directionalNoAccel, LeftCurve, 241.7, -2.100005, 0.04999995, 10.01, 2, False, 0
653, directionalNoAccel, LeftCurve, 241.72, -2.100005, 0.04999995, 10.01, 2, False, 0
654, directionalNoAccel, LeftCurve, 241.74, -2.100005, 0.04999995, 10.01, 2, False, 0
655, directionalNoAccel, LeftCurve, 241.76, -2.100005, 0.04999995, 10.01, 2, False, 0
656, directionalNoAccel, LeftCurve, 241.78, -2.100005, 0.04999995, 10.01, 2, False, 0
657, directionalNoAccel, LeftCurve, 241.8, -2.100005, 0.04999995, 10.01, 2, False, 0
658, directionalNoAccel, LeftCurve, 241.82, -2.170005, 0.04999995, 10.08, 2, True, 0
659, directionalNoAccel, LeftCurve, 241.84, -2.240005, 0.04999995, 10.15, 2, True, 0
660, directionalNoAccel, LeftCurve, 241.86, -2.310005, 0.04999995, 10.22, 2, True, 0
661, directionalNoAccel, LeftCurve, 241.88, -2.380005, 0.04999995, 10.29, 2, True, 0
662, directionalNoAccel, LeftCurve, 241.9, -2.450005, 0.04999995, 10.36, 2, True, 0
663, directionalNoAccel, LeftCurve, 241.92, -2.520005, 0.04999995, 10.43, 2, True, 0
664, directionalNoAccel, LeftCurve, 241.94, -2.590004, 0.04999995, 10.5, 2, True, 0
665, directionalNoAccel, LeftCurve, 241.96, -2.660004, 0.04999995, 10.57, 2, True, 0
666, directionalNoAccel, LeftCurve, 241.98, -2.730004, 0.04999995, 10.64, 2, True, 0
667, directionalNoAccel, LeftCurve, 242, -2.800004, 0.04999995, 10.71, 2, True, 0
668, directionalNoAccel, LeftCurve, 242.02, -2.870004, 0.04999995, 10.78, 3, True, 0
669, directionalNoAccel, LeftCurve, 242.04, -2.940004, 0.04999995, 10.85, 3, True, 0
670, directionalNoAccel, LeftCurve, 242.06, -3.010004, 0.04999995, 10.92, 3, True, 0
671, directionalNoAccel, LeftCurve, 242.08, -3.080004, 0.04999995, 10.99, 3, True, 0
672, directionalNoAccel, LeftCurve, 242.1, -3.080004, 0.04999995, 10.99, 3, False, 0
673, directionalNoAccel, LeftCurve, 242.12, -3.080004, 0.04999995, 10.99, 3, False, 0
674, directionalNoAccel, LeftCurve, 242.14, -3.080004, 0.04999995, 10.99, 3, False, 0
675, directionalNoAccel, LeftCurve, 242.16, -3.080004, 0.04999995, 10.99, 3, False, 0
676, directionalNoAccel, LeftCurve, 242.18, -3.080004, 0.04999995, 10.99, 3, False, 0
677, directionalNoAccel, LeftCurve, 242.2, -3.080004, 0.04999995, 10.99, 3, False, 0
678, directionalNoAccel, LeftCurve, 242.22, -3.080004, 0.04999995, 10.99, 3, False, 0
679, directionalNoAccel, LeftCurve, 242.24, -3.080004, 0.04999995, 10.99, 3, False, 0
680, directionalNoAccel, LeftCurve, 242.26, -3.080004, 0.04999995, 10.99, 3, False, 0
681, directionalNoAccel, LeftCurve, 242.28, -3.080004, 0.04999995, 10.99, 3, False, 0
682, directionalNoAccel, LeftCurve, 242.3, -3.080004, 0.04999995, 10.99, 3, False, 0
683, directionalNoAccel, LeftCurve, 242.32, -3.080004, 0.04999995, 10.99, 3, False, 0
684, directionalNoAccel, LeftCurve, 242.34, -3.080004, 0.04999995, 10.99, 3, False, 0
685, directionalNoAccel, LeftCurve, 242.36, -3.080004, 0.04999995, 10.99, 3, False, 0
686, directionalNoAccel, LeftCurve, 242.38, -3.080004, 0.04999995, 10.99, 3, False, 0
687, directionalNoAccel, LeftCurve, 242.4, -3.080004, 0.04999995, 10.99, 3, False, 0
688, directionalNoAccel, LeftCurve, 242.42, -3.080004, 0.04999995, 10.99, 3, False, 0
689, directionalNoAccel, LeftCurve, 242.44, -3.080004, 0.04999995, 10.99, 3, False, 0
690, directionalNoAccel, LeftCurve, 242.46, -3.080004, 0.04999995, 10.99, 3, False, 0
691, directionalNoAccel, LeftCurve, 242.48, -3.080004, 0.04999995, 10.99, 3, False, 0
692, directionalNoAccel, LeftCurve, 242.5, -3.080004, 0.04999995, 10.99, 3, False, 0
693, directionalNoAccel, LeftCurve, 242.52, -3.080004, 0.04999995, 10.99, 3, False, 0
694, directionalNoAccel, LeftCurve, 242.54, -3.080004, 0.04999995, 10.99, 3, False, 0
695, directionalNoAccel, LeftCurve, 242.56, -3.080004, 0.04999995, 10.99, 3, False, 0
696, directionalNoAccel, LeftCurve, 242.58, -3.080004, 0.04999995, 10.99, 3, False, 0
697, directionalNoAccel, LeftCurve, 242.6, -3.080004, 0.04999995, 10.99, 3, False, 0
698, directionalNoAccel, LeftCurve, 242.62, -3.080004, 0.04999995, 10.99, 3, False, 0
699, directionalNoAccel, LeftCurve, 242.64, -3.080004, 0.04999995, 10.99, 3, False, 0
700, directionalNoAccel, LeftCurve, 242.66, -3.080004, 0.04999995, 10.99, 3, False, 0
701, directionalNoAccel, LeftCurve, 242.68, -3.080004, 0.04999995, 10.99, 3, False, 0
702, directionalNoAccel, LeftCurve, 242.7, -3.080004, 0.04999995, 10.99, 3, False, 0
703, directionalNoAccel, LeftCurve, 242.72, -3.080004, 0.04999995, 10.99, 3, False, 0
704, directionalNoAccel, LeftCurve, 242.74, -3.080004, 0.04999995, 10.99, 3, False, 0
705, directionalNoAccel, LeftCurve, 242.76, -3.080004, 0.04999995, 10.99, 3, False, 0
706, directionalNoAccel, LeftCurve, 242.78, -3.080004, 0.04999995, 10.99, 3, False, 0
707, directionalNoAccel, LeftCurve, 242.8, -3.080004, 0.04999995, 10.99, 3, False, 0
708, directionalNoAccel, LeftCurve, 242.82, -3.080004, 0.04999995, 10.99, 3, False, 0
709, directionalNoAccel, LeftCurve, 242.84, -3.080004, 0.04999995, 10.99, 3, False, 0
710, directionalNoAccel, LeftCurve, 242.86, -3.080004, 0.04999995, 10.99, 3, False, 0
711, directionalNoAccel, LeftCurve, 242.88, -3.080004, 0.04999995, 10.99, 3, False, 0
712, directionalNoAccel, LeftCurve, 242.9, -3.080004, 0.04999995, 10.99, 3, False, 0
713, directionalNoAccel, LeftCurve, 242.92, -3.080004, 0.04999995, 10.99, 3, False, 0
714, directionalNoAccel, LeftCurve, 242.94, -3.080004, 0.04999995, 10.99, 3, False, 0
715, directionalNoAccel, LeftCurve, 242.96, -3.080004, 0.04999995, 10.99, 3, False, 0
716, directionalNoAccel, LeftCurve, 242.98, -3.080004, 0.04999995, 10.99, 3, False, 0
717, directionalNoAccel, LeftCurve, 243, -3.080004, 0.04999995, 10.99, 3, False, 0
718, directionalNoAccel, LeftCurve, 243.02, -3.080004, 0.04999995, 10.99, 3, False, 0
719, directionalNoAccel, LeftCurve, 243.04, -3.080004, 0.04999995, 10.99, 3, False, 0
720, directionalNoAccel, LeftCurve, 243.06, -3.080004, 0.04999995, 10.99, 3, False, 0
721, directionalNoAccel, LeftCurve, 243.08, -3.080004, 0.04999995, 10.99, 3, False, 0
722, directionalNoAccel, LeftCurve, 243.1, -3.080004, 0.04999995, 10.99, 3, False, 0
723, directionalNoAccel, LeftCurve, 243.12, -3.080004, 0.04999995, 10.99, 3, False, 0
724, directionalNoAccel, LeftCurve, 243.14, -3.080004, 0.04999995, 10.99, 3, False, 0
725, directionalNoAccel, LeftCurve, 243.16, -3.080004, 0.04999995, 10.99, 3, False, 0
726, directionalNoAccel, LeftCurve, 243.18, -3.080004, 0.04999995, 10.99, 3, False, 0
727, directionalNoAccel, LeftCurve, 243.2, -3.080004, 0.04999995, 10.99, 3, False, 0
728, directionalNoAccel, LeftCurve, 243.22, -3.080004, 0.04999995, 10.99, 3, False, 0
729, directionalNoAccel, LeftCurve, 243.24, -3.080004, 0.04999995, 10.99, 3, False, 0
730, directionalNoAccel, LeftCurve, 243.26, -3.080004, 0.04999995, 11.05999, 3, True, 0
731, directionalNoAccel, LeftCurve, 243.28, -3.080004, 0.04999995, 11.12999, 3, True, 0
732, directionalNoAccel, LeftCurve, 243.3, -3.080004, 0.04999995, 11.19999, 3, True, 0
733, directionalNoAccel, LeftCurve, 243.32, -3.080004, 0.04999995, 11.26999, 3, True, 0
734, directionalNoAccel, LeftCurve, 243.34, -3.080004, 0.04999995, 11.33999, 3, True, 0
735, directionalNoAccel, LeftCurve, 243.36, -3.080004, 0.04999995, 11.40999, 3, True, 0
736, directionalNoAccel, LeftCurve, 243.38, -3.080004, 0.04999995, 11.47999, 3, True, 0
737, directionalNoAccel, LeftCurve, 243.4, -3.080004, 0.04999995, 11.54999, 3, True, 0
738, directionalNoAccel, LeftCurve, 243.42, -3.080004, 0.04999995, 11.61999, 3, True, 0
739, directionalNoAccel, LeftCurve, 243.44, -3.080004, 0.04999995, 11.68999, 3, True, 0
740, directionalNoAccel, LeftCurve, 243.46, -3.080004, 0.04999995, 11.75999, 3, True, 0
741, directionalNoAccel, LeftCurve, 243.48, -3.080004, 0.04999995, 11.82999, 3, True, 0
742, directionalNoAccel, LeftCurve, 243.5, -3.080004, 0.04999995, 11.89999, 3, True, 0
743, directionalNoAccel, LeftCurve, 243.52, -3.080004, 0.04999995, 11.96999, 3, True, 0
744, directionalNoAccel, LeftCurve, 243.54, -3.080004, 0.04999995, 12.03999, 3, True, 0
745, directionalNoAccel, LeftCurve, 243.56, -3.080004, 0.04999995, 12.10999, 3, True, 0
746, directionalNoAccel, LeftCurve, 243.58, -3.080004, 0.04999995, 12.17999, 3, True, 0
747, directionalNoAccel, LeftCurve, 243.6, -3.080004, 0.04999995, 12.24999, 3, True, 0
748, directionalNoAccel, LeftCurve, 243.62, -3.080004, 0.04999995, 12.31999, 3, True, 0
749, directionalNoAccel, LeftCurve, 243.64, -3.080004, 0.04999995, 12.38999, 3, True, 0
750, directionalNoAccel, LeftCurve, 243.66, -3.080004, 0.04999995, 12.45999, 3, True, 0
751, directionalNoAccel, LeftCurve, 243.68, -3.080004, 0.04999995, 12.52999, 3, True, 0
752, directionalNoAccel, LeftCurve, 243.7, -3.080004, 0.04999995, 12.59999, 3, True, 0
753, directionalNoAccel, LeftCurve, 243.72, -3.080004, 0.04999995, 12.66999, 3, True, 0
754, directionalNoAccel, LeftCurve, 243.74, -3.080004, 0.04999995, 12.73999, 3, True, 0
755, directionalNoAccel, LeftCurve, 243.76, -3.080004, 0.04999995, 12.80999, 3, True, 0
756, directionalNoAccel, LeftCurve, 243.78, -3.080004, 0.04999995, 12.87999, 3, True, 0
757, directionalNoAccel, LeftCurve, 243.8, -3.080004, 0.04999995, 12.94999, 3, True, 0
758, directionalNoAccel, LeftCurve, 243.82, -3.080004, 0.04999995, 13.01999, 3, True, 0
759, directionalNoAccel, LeftCurve, 243.84, -3.080004, 0.04999995, 13.08999, 3, True, 0
760, directionalNoAccel, LeftCurve, 243.86, -3.080004, 0.04999995, 13.15999, 3, True, 0
761, directionalNoAccel, LeftCurve, 243.88, -3.080004, 0.04999995, 13.22999, 3, True, 0
762, directionalNoAccel, LeftCurve, 243.9, -3.080004, 0.04999995, 13.29998, 3, True, 0
763, directionalNoAccel, LeftCurve, 243.92, -3.080004, 0.04999995, 13.36998, 3, True, 0
764, directionalNoAccel, LeftCurve, 243.94, -3.080004, 0.04999995, 13.43998, 3, True, 0
765, directionalNoAccel, LeftCurve, 243.96, -3.080004, 0.04999995, 13.50998, 3, True, 0
766, directionalNoAccel, LeftCurve, 243.98, -3.080004, 0.04999995, 13.57998, 3, True, 0
767, directionalNoAccel, LeftCurve, 244, -3.080004, 0.04999995, 13.64998, 3, True, 0
768, directionalNoAccel, LeftCurve, 244.02, -3.080004, 0.04999995, 13.71998, 3, True, 0
769, directionalNoAccel, LeftCurve, 244.04, -3.080004, 0.04999995, 13.78998, 3, True, 0
770, directionalNoAccel, LeftCurve, 244.06, -3.080004, 0.04999995, 13.85998, 3, True, 0
771, directionalNoAccel, LeftCurve, 244.08, -3.080004, 0.04999995, 13.92998, 3, True, 0
772, directionalNoAccel, LeftCurve, 244.1, -3.080004, 0.04999995, 13.99998, 3, True, 0
773, directionalNoAccel, LeftCurve, 244.12, -3.080004, 0.04999995, 14.06998, 3, True, 0
774, directionalNoAccel, LeftCurve, 244.14, -3.080004, 0.04999995, 14.13998, 3, True, 0
775, directionalNoAccel, LeftCurve, 244.16, -3.080004, 0.04999995, 14.20998, 3, True, 0
776, directionalNoAccel, LeftCurve, 244.18, -3.080004, 0.04999995, 14.27998, 3, True, 0
777, directionalNoAccel, LeftCurve, 244.2, -3.080004, 0.04999995, 14.34998, 3, True, 0
778, directionalNoAccel, LeftCurve, 244.22, -3.080004, 0.04999995, 14.41998, 3, True, 0
779, directionalNoAccel, LeftCurve, 244.24, -3.080004, 0.04999995, 14.48998, 3, True, 0
780, directionalNoAccel, LeftCurve, 244.26, -3.080004, 0.04999995, 14.55998, 3, True, 0
781, directionalNoAccel, LeftCurve, 244.28, -3.080004, 0.04999995, 14.62998, 3, True, 0
782, directionalNoAccel, LeftCurve, 244.3, -3.080004, 0.04999995, 14.69998, 3, True, 0
783, directionalNoAccel, LeftCurve, 244.32, -3.080004, 0.04999995, 14.76998, 3, True, 0
784, directionalNoAccel, LeftCurve, 244.34, -3.080004, 0.04999995, 14.83998, 3, True, 0
785, directionalNoAccel, LeftCurve, 244.36, -3.080004, 0.04999995, 14.90998, 3, True, 0
786, directionalNoAccel, LeftCurve, 244.38, -3.080004, 0.04999995, 14.97998, 3, True, 0
787, directionalNoAccel, LeftCurve, 244.4, -3.080004, 0.04999995, 15.04998, 3, True, 0
788, directionalNoAccel, LeftCurve, 244.42, -3.080004, 0.04999995, 15.11998, 3, True, 0
789, directionalNoAccel, LeftCurve, 244.44, -3.080004, 0.04999995, 15.18998, 4, True, 0
790, directionalNoAccel, LeftCurve, 244.46, -3.080004, 0.04999995, 15.25998, 4, True, 0
791, directionalNoAccel, LeftCurve, 244.48, -3.080004, 0.04999995, 15.32998, 4, True, 0
792, directionalNoAccel, LeftCurve, 244.5, -3.080004, 0.04999995, 15.39998, 4, True, 0
793, directionalNoAccel, LeftCurve, 244.52, -3.080004, 0.04999995, 15.46998, 4, True, 0
794, directionalNoAccel, LeftCurve, 244.54, -3.080004, 0.04999995, 15.46998, 4, False, 0
795, directionalNoAccel, LeftCurve, 244.56, -3.080004, 0.04999995, 15.46998, 4, False, 0
796, directionalNoAccel, LeftCurve, 244.58, -3.080004, 0.04999995, 15.46998, 4, False, 0
797, directionalNoAccel, LeftCurve, 244.6, -3.080004, 0.04999995, 15.46998, 4, False, 0
798, directionalNoAccel, LeftCurve, 244.62, -3.080004, 0.04999995, 15.46998, 4, False, 0
799, directionalNoAccel, LeftCurve, 244.64, -3.080004, 0.04999995, 15.46998, 4, False, 0
800, directionalNoAccel, LeftCurve, 244.66, -3.080004, 0.04999995, 15.46998, 4, False, 0
801, directionalNoAccel, LeftCurve, 244.68, -3.080004, 0.04999995, 15.46998, 4, False, 0
802, directionalNoAccel, LeftCurve, 244.7, -3.080004, 0.04999995, 15.46998, 4, False, 0
803, directionalNoAccel, LeftCurve, 244.72, -3.080004, 0.04999995, 15.46998, 4, False, 0
804, directionalNoAccel, LeftCurve, 244.74, -3.080004, 0.04999995, 15.53998, 4, True, 0
805, directionalNoAccel, LeftCurve, 244.76, -3.080004, 0.04999995, 15.60997, 4, True, 0
806, directionalNoAccel, LeftCurve, 244.78, -3.080004, 0.04999995, 15.67997, 4, True, 0
807, directionalNoAccel, LeftCurve, 244.8, -3.080004, 0.04999995, 15.74997, 4, True, 0
808, directionalNoAccel, LeftCurve, 244.82, -3.080004, 0.04999995, 15.81997, 4, True, 0
809, directionalNoAccel, LeftCurve, 244.84, -3.080004, 0.04999995, 15.88997, 4, True, 0
810, directionalNoAccel, LeftCurve, 244.86, -3.080004, 0.04999995, 15.95997, 4, True, 0
811, directionalNoAccel, LeftCurve, 244.88, -3.080004, 0.04999995, 16.02997, 4, True, 0
812, directionalNoAccel, LeftCurve, 244.9, -3.080004, 0.04999995, 16.09997, 4, True, 0
813, directionalNoAccel, LeftCurve, 244.92, -3.080004, 0.04999995, 16.16997, 4, True, 0
814, directionalNoAccel, LeftCurve, 244.94, -3.080004, 0.04999995, 16.23997, 4, True, 0
815, directionalNoAccel, LeftCurve, 244.96, -3.080004, 0.04999995, 16.30997, 4, True, 0
816, directionalNoAccel, LeftCurve, 244.98, -3.150004, 0.04999995, 16.37997, 4, True, 0
817, directionalNoAccel, LeftCurve, 245, -3.220004, 0.04999995, 16.44997, 4, True, 0
818, directionalNoAccel, LeftCurve, 245.02, -3.290004, 0.04999995, 16.51997, 4, True, 0
819, directionalNoAccel, LeftCurve, 245.04, -3.360004, 0.04999995, 16.58997, 4, True, 0
820, directionalNoAccel, LeftCurve, 245.06, -3.430004, 0.04999995, 16.65997, 4, True, 0
821, directionalNoAccel, LeftCurve, 245.08, -3.500004, 0.04999995, 16.72997, 4, True, 0
822, directionalNoAccel, LeftCurve, 245.1, -3.570004, 0.04999995, 16.79997, 4, True, 0
823, directionalNoAccel, LeftCurve, 245.12, -3.640003, 0.04999995, 16.86997, 4, True, 0
824, directionalNoAccel, LeftCurve, 245.14, -3.710003, 0.04999995, 16.93997, 4, True, 0
825, directionalNoAccel, LeftCurve, 245.16, -3.780003, 0.04999995, 17.00997, 4, True, 0
826, directionalNoAccel, LeftCurve, 245.18, -3.850003, 0.04999995, 17.07997, 4, True, 0
827, directionalNoAccel, LeftCurve, 245.2, -3.920003, 0.04999995, 17.14997, 4, True, 0
828, directionalNoAccel, LeftCurve, 245.22, -3.990003, 0.04999995, 17.21997, 4, True, 0
829, directionalNoAccel, LeftCurve, 245.24, -4.060003, 0.04999995, 17.28997, 4, True, 0
830, directionalNoAccel, LeftCurve, 245.26, -4.130003, 0.04999995, 17.35997, 4, True, 0
831, directionalNoAccel, LeftCurve, 245.28, -4.200004, 0.04999995, 17.42997, 4, True, 0
832, directionalNoAccel, LeftCurve, 245.3, -4.270004, 0.04999995, 17.49997, 4, True, 0
833, directionalNoAccel, LeftCurve, 245.32, -4.340004, 0.04999995, 17.56997, 4, True, 0
834, directionalNoAccel, LeftCurve, 245.34, -4.410004, 0.04999995, 17.63997, 4, True, 0
835, directionalNoAccel, LeftCurve, 245.36, -4.480004, 0.04999995, 17.70997, 4, True, 0
836, directionalNoAccel, LeftCurve, 245.38, -4.550004, 0.04999995, 17.77997, 4, True, 0
837, directionalNoAccel, LeftCurve, 245.4, -4.620005, 0.04999995, 17.84997, 4, True, 0
838, directionalNoAccel, LeftCurve, 245.42, -4.690005, 0.04999995, 17.91997, 4, True, 0
839, directionalNoAccel, LeftCurve, 245.44, -4.760005, 0.04999995, 17.98997, 4, True, 0
840, directionalNoAccel, LeftCurve, 245.46, -4.830005, 0.04999995, 18.05997, 4, True, 0
841, directionalNoAccel, LeftCurve, 245.48, -4.900005, 0.04999995, 18.12996, 4, True, 0
842, directionalNoAccel, LeftCurve, 245.5, -4.970006, 0.04999995, 18.19996, 4, True, 0
843, directionalNoAccel, LeftCurve, 245.52, -5.040006, 0.04999995, 18.26996, 4, True, 0
844, directionalNoAccel, LeftCurve, 245.54, -5.110006, 0.04999995, 18.33996, 4, True, 0
845, directionalNoAccel, LeftCurve, 245.56, -5.180006, 0.04999995, 18.40996, 4, True, 0
846, directionalNoAccel, LeftCurve, 245.58, -5.250006, 0.04999995, 18.47996, 4, True, 0
847, directionalNoAccel, LeftCurve, 245.6, -5.320006, 0.04999995, 18.54996, 4, True, 0
848, directionalNoAccel, LeftCurve, 245.62, -5.390007, 0.04999995, 18.61996, 4, True, 0
849, directionalNoAccel, LeftCurve, 245.64, -5.460007, 0.04999995, 18.68996, 4, True, 0
850, directionalNoAccel, LeftCurve, 245.66, -5.530007, 0.04999995, 18.75996, 5, True, 0
851, directionalNoAccel, LeftCurve, 245.68, -5.600007, 0.04999995, 18.82996, 5, True, 0
852, directionalNoAccel, LeftCurve, 245.7, -5.670007, 0.04999995, 18.89996, 5, True, 0
853, directionalNoAccel, LeftCurve, 245.72, -5.740007, 0.04999995, 18.96996, 5, True, 0
854, directionalNoAccel, LeftCurve, 245.74, -5.810008, 0.04999995, 19.03996, 5, True, 0
855, directionalNoAccel, LeftCurve, 245.76, -5.880008, 0.04999995, 19.10996, 5, True, 0
856, directionalNoAccel, LeftCurve, 245.78, -5.950008, 0.04999995, 19.17996, 5, True, 0
857, directionalNoAccel, LeftCurve, 245.8, -6.020008, 0.04999995, 19.24996, 5, True, 0
858, directionalNoAccel, LeftCurve, 245.82, -6.090008, 0.04999995, 19.31996, 5, True, 0
859, directionalNoAccel, LeftCurve, 245.84, -6.160008, 0.04999995, 19.38996, 5, True, 0
860, directionalNoAccel, LeftCurve, 245.86, -6.230009, 0.04999995, 19.45996, 5, True, 0
861, directionalNoAccel, LeftCurve, 245.88, -6.300009, 0.04999995, 19.52996, 5, True, 0
862, directionalNoAccel, LeftCurve, 245.9, -6.370009, 0.04999995, 19.59996, 5, True, 0
863, directionalNoAccel, LeftCurve, 245.92, -6.440009, 0.04999995, 19.66996, 5, True, 0
864, directionalNoAccel, LeftCurve, 245.94, -6.510009, 0.04999995, 19.73996, 5, True, 0
865, directionalNoAccel, LeftCurve, 245.96, -6.580009, 0.04999995, 19.80996, 5, True, 0
866, directionalNoAccel, LeftCurve, 245.98, -6.65001, 0.04999995, 19.87996, 5, True, 0
867, directionalNoAccel, LeftCurve, 246, -6.72001, 0.04999995, 19.94996, 5, True, 0
868, directionalNoAccel, LeftCurve, 246.02, -6.79001, 0.04999995, 20.01996, 5, True, 0
869, directionalNoAccel, LeftCurve, 246.04, -6.86001, 0.04999995, 20.08996, 5, True, 0
870, directionalNoAccel, LeftCurve, 246.06, -6.93001, 0.04999995, 20.15996, 5, True, 0
871, directionalNoAccel, LeftCurve, 246.08, -7.00001, 0.04999995, 20.22996, 5, True, 0
872, directionalNoAccel, LeftCurve, 246.1, -7.070011, 0.04999995, 20.29996, 5, True, 0
873, directionalNoAccel, LeftCurve, 246.12, -7.140011, 0.04999995, 20.36996, 5, True, 0
874, directionalNoAccel, LeftCurve, 246.14, -7.210011, 0.04999995, 20.43995, 5, True, 0
875, directionalNoAccel, LeftCurve, 246.16, -7.280011, 0.04999995, 20.50995, 5, True, 0
876, directionalNoAccel, LeftCurve, 246.18, -7.350011, 0.04999995, 20.57995, 5, True, 0
877, directionalNoAccel, LeftCurve, 246.2, -7.420012, 0.04999995, 20.64995, 5, True, 0
878, directionalNoAccel, LeftCurve, 246.22, -7.490012, 0.04999995, 20.71995, 5, True, 0
879, directionalNoAccel, LeftCurve, 246.24, -7.560012, 0.04999995, 20.78995, 5, True, 0
880, directionalNoAccel, LeftCurve, 246.26, -7.630012, 0.04999995, 20.85995, 5, True, 0
881, directionalNoAccel, LeftCurve, 246.28, -7.700012, 0.04999995, 20.92995, 5, True, 0
882, directionalNoAccel, LeftCurve, 246.3, -7.770012, 0.04999995, 20.99995, 5, True, 0
883, directionalNoAccel, LeftCurve, 246.32, -7.840013, 0.04999995, 21.06995, 5, True, 0
884, directionalNoAccel, LeftCurve, 246.34, -7.910013, 0.04999995, 21.13995, 5, True, 0
885, directionalNoAccel, LeftCurve, 246.36, -7.980013, 0.04999995, 21.20995, 5, True, 0
886, directionalNoAccel, LeftCurve, 246.38, -8.050013, 0.04999995, 21.27995, 5, True, 0
887, directionalNoAccel, LeftCurve, 246.4, -8.120012, 0.04999995, 21.34995, 5, True, 0
888, directionalNoAccel, LeftCurve, 246.42, -8.190012, 0.04999995, 21.41995, 5, True, 0
889, directionalNoAccel, LeftCurve, 246.44, -8.260012, 0.04999995, 21.48995, 5, True, 0
890, directionalNoAccel, LeftCurve, 246.46, -8.330011, 0.04999995, 21.55995, 5, True, 0
891, directionalNoAccel, LeftCurve, 246.48, -8.400011, 0.04999995, 21.62995, 5, True, 0
892, directionalNoAccel, LeftCurve, 246.5, -8.470011, 0.04999995, 21.69995, 5, True, 0
893, directionalNoAccel, LeftCurve, 246.52, -8.54001, 0.04999995, 21.76995, 6, True, 0
894, directionalNoAccel, LeftCurve, 246.54, -8.61001, 0.04999995, 21.83995, 6, True, 0
895, directionalNoAccel, LeftCurve, 246.56, -8.68001, 0.04999995, 21.90995, 6, True, 0
896, directionalNoAccel, LeftCurve, 246.58, -8.75001, 0.04999995, 21.97995, 6, True, 0
897, directionalNoAccel, LeftCurve, 246.6, -8.820009, 0.04999995, 22.04995, 6, True, 0
898, directionalNoAccel, LeftCurve, 246.62, -8.890009, 0.04999995, 22.11995, 6, True, 0
899, directionalNoAccel, LeftCurve, 246.64, -8.960009, 0.04999995, 22.18995, 6, True, 0
900, directionalNoAccel, LeftCurve, 246.66, -9.030008, 0.04999995, 22.25995, 6, True, 0
901, directionalNoAccel, LeftCurve, 246.68, -9.100008, 0.04999995, 22.32995, 6, True, 0
902, directionalNoAccel, LeftCurve, 246.7, -9.170008, 0.04999995, 22.39995, 6, True, 0
903, directionalNoAccel, LeftCurve, 246.72, -9.240007, 0.04999995, 22.46995, 6, True, 0
904, directionalNoAccel, LeftCurve, 246.74, -9.310007, 0.04999995, 22.53995, 6, True, 0
905, directionalNoAccel, LeftCurve, 246.76, -9.380007, 0.04999995, 22.60995, 6, True, 0
906, directionalNoAccel, LeftCurve, 246.78, -9.450006, 0.04999995, 22.67994, 6, True, 0
907, directionalNoAccel, LeftCurve, 246.8, -9.520006, 0.04999995, 22.74994, 6, True, 0
908, directionalNoAccel, LeftCurve, 246.82, -9.590006, 0.04999995, 22.81994, 6, True, 0
909, directionalNoAccel, LeftCurve, 246.84, -9.660006, 0.04999995, 22.88994, 6, True, 0
910, directionalNoAccel, LeftCurve, 246.86, -9.730005, 0.04999995, 22.95994, 6, True, 0
911, directionalNoAccel, LeftCurve, 246.88, -9.800005, 0.04999995, 23.02994, 6, True, 0
912, directionalNoAccel, LeftCurve, 246.9, -9.870005, 0.04999995, 23.09994, 6, True, 0
913, directionalNoAccel, LeftCurve, 246.92, -9.940004, 0.04999995, 23.16994, 6, True, 0
914, directionalNoAccel, LeftCurve, 246.94, -10.01, 0.04999995, 23.23994, 6, True, 0
915, directionalNoAccel, LeftCurve, 246.96, -10.08, 0.04999995, 23.30994, 6, True, 0
916, directionalNoAccel, LeftCurve, 246.98, -10.08, 0.04999995, 23.30994, 6, False, 0
917, directionalNoAccel, LeftCurve, 247, -10.08, 0.04999995, 23.30994, 6, False, 0
918, directionalNoAccel, LeftCurve, 247.02, -10.08, 0.04999995, 23.30994, 6, False, 0
919, directionalNoAccel, LeftCurve, 247.04, -10.08, 0.04999995, 23.30994, 6, False, 0
920, directionalNoAccel, LeftCurve, 247.06, -10.08, 0.04999995, 23.30994, 6, False, 0
921, directionalNoAccel, LeftCurve, 247.08, -10.08, 0.04999995, 23.30994, 6, False, 0
922, directionalNoAccel, LeftCurve, 247.1, -10.08, 0.04999995, 23.30994, 6, False, 0
923, directionalNoAccel, LeftCurve, 247.12, -10.08, 0.04999995, 23.30994, 6, False, 0
924, directionalNoAccel, LeftCurve, 247.14, -10.08, 0.04999995, 23.30994, 6, False, 0
925, directionalNoAccel, LeftCurve, 247.16, -10.08, 0.04999995, 23.30994, 6, False, 0
926, directionalNoAccel, LeftCurve, 247.18, -10.08, 0.04999995, 23.30994, 6, False, 0
927, directionalNoAccel, LeftCurve, 247.2, -10.08, 0.04999995, 23.30994, 6, False, 0
928, directionalNoAccel, LeftCurve, 247.22, -10.08, 0.04999995, 23.30994, 6, False, 0
929, directionalNoAccel, LeftCurve, 247.24, -10.08, 0.04999995, 23.30994, 6, False, 0
930, directionalNoAccel, LeftCurve, 247.26, -10.15, 0.04999995, 23.37994, 6, True, 0
931, directionalNoAccel, LeftCurve, 247.28, -10.22, 0.04999995, 23.44994, 6, True, 0
932, directionalNoAccel, LeftCurve, 247.3, -10.29, 0.04999995, 23.51994, 6, True, 0
933, directionalNoAccel, LeftCurve, 247.32, -10.36, 0.04999995, 23.58994, 6, True, 0
934, directionalNoAccel, LeftCurve, 247.34, -10.43, 0.04999995, 23.65994, 6, True, 0
935, directionalNoAccel, LeftCurve, 247.36, -10.5, 0.04999995, 23.72994, 6, True, 0
936, directionalNoAccel, LeftCurve, 247.38, -10.57, 0.04999995, 23.79994, 6, True, 0
937, directionalNoAccel, LeftCurve, 247.4, -10.64, 0.04999995, 23.86994, 6, True, 0
938, directionalNoAccel, LeftCurve, 247.42, -10.71, 0.04999995, 23.93994, 6, True, 0
939, directionalNoAccel, LeftCurve, 247.44, -10.78, 0.04999995, 24.00994, 6, True, 0
940, directionalNoAccel, LeftCurve, 247.46, -10.85, 0.04999995, 24.07994, 6, True, 0
941, directionalNoAccel, LeftCurve, 247.48, -10.92, 0.04999995, 24.14994, 6, True, 0
942, directionalNoAccel, LeftCurve, 247.5, -10.99, 0.04999995, 24.21994, 6, True, 0
943, directionalNoAccel, LeftCurve, 247.52, -11.06, 0.04999995, 24.28994, 6, True, 0
944, directionalNoAccel, LeftCurve, 247.54, -11.13, 0.04999995, 24.35994, 6, True, 0
945, directionalNoAccel, LeftCurve, 247.56, -11.2, 0.04999995, 24.42994, 6, True, 0
946, directionalNoAccel, LeftCurve, 247.58, -11.2, 0.04999995, 24.42994, 6, False, 0
947, directionalNoAccel, LeftCurve, 247.6, -11.2, 0.04999995, 24.42994, 6, False, 0
948, directionalNoAccel, LeftCurve, 247.62, -11.2, 0.04999995, 24.42994, 6, False, 0
949, directionalNoAccel, LeftCurve, 247.64, -11.2, 0.04999995, 24.42994, 6, False, 0
950, directionalNoAccel, LeftCurve, 247.66, -11.2, 0.04999995, 24.42994, 6, False, 0
951, directionalNoAccel, LeftCurve, 247.68, -11.2, 0.04999995, 24.42994, 6, False, 0
952, directionalNoAccel, LeftCurve, 247.7, -11.2, 0.04999995, 24.42994, 6, False, 0
953, directionalNoAccel, LeftCurve, 247.72, -11.2, 0.04999995, 24.42994, 6, False, 0
954, directionalNoAccel, LeftCurve, 247.74, -11.2, 0.04999995, 24.42994, 6, False, 0
955, directionalNoAccel, LeftCurve, 247.76, -11.2, 0.04999995, 24.42994, 6, False, 0
956, directionalNoAccel, LeftCurve, 247.78, -11.2, 0.04999995, 24.42994, 6, False, 0
957, directionalNoAccel, LeftCurve, 247.8, -11.2, 0.04999995, 24.42994, 6, False, 0
958, directionalNoAccel, LeftCurve, 247.82, -11.2, 0.04999995, 24.42994, 6, False, 0
959, directionalNoAccel, LeftCurve, 247.84, -11.27, 0.04999995, 24.49994, 6, True, 0
960, directionalNoAccel, LeftCurve, 247.86, -11.34, 0.04999995, 24.56994, 6, True, 0
961, directionalNoAccel, LeftCurve, 247.88, -11.41, 0.04999995, 24.63994, 6, True, 0
962, directionalNoAccel, LeftCurve, 247.9, -11.48, 0.04999995, 24.70994, 6, True, 0
963, directionalNoAccel, LeftCurve, 247.92, -11.55, 0.04999995, 24.77994, 6, True, 0
964, directionalNoAccel, LeftCurve, 247.94, -11.62, 0.04999995, 24.84994, 6, True, 0
965, directionalNoAccel, LeftCurve, 247.96, -11.69, 0.04999995, 24.91994, 7, True, 0
966, directionalNoAccel, LeftCurve, 247.98, -11.76, 0.04999995, 24.91994, 7, True, 0
967, directionalNoAccel, LeftCurve, 248, -11.83, 0.04999995, 24.91994, 7, True, 0
968, directionalNoAccel, LeftCurve, 248.02, -11.9, 0.04999995, 24.91994, 7, True, 0
969, directionalNoAccel, LeftCurve, 248.04, -11.97, 0.04999995, 24.91994, 7, True, 0
970, directionalNoAccel, LeftCurve, 248.06, -12.04, 0.04999995, 24.91994, 7, True, 0
971, directionalNoAccel, LeftCurve, 248.08, -12.10999, 0.04999995, 24.91994, 7, True, 0
972, directionalNoAccel, LeftCurve, 248.1, -12.17999, 0.04999995, 24.91994, 7, True, 0
973, directionalNoAccel, LeftCurve, 248.12, -12.24999, 0.04999995, 24.91994, 7, True, 0
974, directionalNoAccel, LeftCurve, 248.14, -12.31999, 0.04999995, 24.91994, 7, True, 0
975, directionalNoAccel, LeftCurve, 248.16, -12.38999, 0.04999995, 24.91994, 7, True, 0
976, directionalNoAccel, LeftCurve, 248.18, -12.45999, 0.04999995, 24.91994, 7, True, 0
977, directionalNoAccel, LeftCurve, 248.2, -12.52999, 0.04999995, 24.91994, 7, True, 0
978, directionalNoAccel, LeftCurve, 248.22, -12.59999, 0.04999995, 24.91994, 7, True, 0
979, directionalNoAccel, LeftCurve, 248.24, -12.66999, 0.04999995, 24.91994, 7, True, 0
980, directionalNoAccel, LeftCurve, 248.26, -12.73999, 0.04999995, 24.91994, 7, True, 0
981, directionalNoAccel, LeftCurve, 248.28, -12.80999, 0.04999995, 24.91994, 7, True, 0
982, directionalNoAccel, LeftCurve, 248.3, -12.87999, 0.04999995, 24.91994, 7, True, 0
983, directionalNoAccel, LeftCurve, 248.32, -12.94999, 0.04999995, 24.91994, 7, True, 0
984, directionalNoAccel, LeftCurve, 248.34, -13.01999, 0.04999995, 24.91994, 7, True, 0
985, directionalNoAccel, LeftCurve, 248.36, -13.08999, 0.04999995, 24.91994, 7, True, 0
986, directionalNoAccel, LeftCurve, 248.38, -13.15999, 0.04999995, 24.91994, 7, True, 0
987, directionalNoAccel, LeftCurve, 248.4, -13.15999, 0.04999995, 24.91994, 7, False, 0
988, directionalNoAccel, LeftCurve, 248.42, -13.15999, 0.04999995, 24.91994, 7, False, 0
989, directionalNoAccel, LeftCurve, 248.44, -13.15999, 0.04999995, 24.91994, 7, False, 0
990, directionalNoAccel, LeftCurve, 248.46, -13.15999, 0.04999995, 24.91994, 7, False, 0
991, directionalNoAccel, LeftCurve, 248.48, -13.15999, 0.04999995, 24.91994, 7, False, 0
992, directionalNoAccel, LeftCurve, 248.5, -13.15999, 0.04999995, 24.91994, 7, False, 0
993, directionalNoAccel, LeftCurve, 248.52, -13.15999, 0.04999995, 24.91994, 7, False, 0
994, directionalNoAccel, LeftCurve, 248.54, -13.15999, 0.04999995, 24.91994, 7, False, 0
995, directionalNoAccel, LeftCurve, 248.56, -13.15999, 0.04999995, 24.91994, 7, False, 0
996, directionalNoAccel, LeftCurve, 248.58, -13.15999, 0.04999995, 24.91994, 7, False, 0
997, directionalNoAccel, LeftCurve, 248.6, -13.15999, 0.04999995, 24.91994, 7, False, 0
998, directionalNoAccel, LeftCurve, 248.62, -13.15999, 0.04999995, 24.91994, 7, False, 0
999, directionalNoAccel, LeftCurve, 248.64, -13.15999, 0.04999995, 24.91994, 7, False, 0
1000, directionalNoAccel, LeftCurve, 248.66, -13.15999, 0.04999995, 24.91994, 7, False, 0
1001, directionalNoAccel, LeftCurve, 248.68, -13.15999, 0.04999995, 24.91994, 7, False, 0
1002, directionalNoAccel, LeftCurve, 248.7, -13.15999, 0.04999995, 24.91994, 7, False, 0
1003, directionalNoAccel, LeftCurve, 248.72, -13.15999, 0.04999995, 24.91994, 7, False, 0
1004, directionalNoAccel, LeftCurve, 248.74, -13.15999, 0.04999995, 24.91994, 7, False, 0
1005, directionalNoAccel, LeftCurve, 248.76, -13.15999, 0.04999995, 24.91994, 7, False, 0
1006, directionalNoAccel, LeftCurve, 248.78, -13.15999, 0.04999995, 24.91994, 7, False, 0
1007, directionalNoAccel, LeftCurve, 248.8, -13.22999, 0.04999995, 24.91994, 7, True, 0
1008, directionalNoAccel, LeftCurve, 248.82, -13.29999, 0.04999995, 24.91994, 7, True, 0
1009, directionalNoAccel, LeftCurve, 248.84, -13.36999, 0.04999995, 24.91994, 7, True, 0
1010, directionalNoAccel, LeftCurve, 248.86, -13.43999, 0.04999995, 24.91994, 7, True, 0
1011, directionalNoAccel, LeftCurve, 248.88, -13.50999, 0.04999995, 24.91994, 7, True, 0
1012, directionalNoAccel, LeftCurve, 248.9, -13.57999, 0.04999995, 24.91994, 7, True, 0
1013, directionalNoAccel, LeftCurve, 248.92, -13.64999, 0.04999995, 24.91994, 7, True, 0
1014, directionalNoAccel, LeftCurve, 248.94, -13.71999, 0.04999995, 24.91994, 7, True, 0
1015, directionalNoAccel, LeftCurve, 248.96, -13.78999, 0.04999995, 24.91994, 7, True, 0
1016, directionalNoAccel, LeftCurve, 248.98, -13.85999, 0.04999995, 24.91994, 7, True, 0
1017, directionalNoAccel, LeftCurve, 249, -13.92999, 0.04999995, 24.91994, 7, True, 0
1018, directionalNoAccel, LeftCurve, 249.02, -13.99999, 0.04999995, 24.91994, 7, True, 0
1019, directionalNoAccel, LeftCurve, 249.04, -14.06999, 0.04999995, 24.91994, 7, True, 0
1020, directionalNoAccel, LeftCurve, 249.06, -14.13999, 0.04999995, 24.91994, 7, True, 0
1021, directionalNoAccel, LeftCurve, 249.08, -14.20999, 0.04999995, 24.91994, 7, True, 0
1022, directionalNoAccel, LeftCurve, 249.1, -14.27999, 0.04999995, 24.91994, 7, True, 0
1023, directionalNoAccel, LeftCurve, 249.12, -14.34999, 0.04999995, 24.91994, 7, True, 0
1024, directionalNoAccel, LeftCurve, 249.14, -14.41998, 0.04999995, 24.91994, 7, True, 0
1025, directionalNoAccel, LeftCurve, 249.16, -14.48998, 0.04999995, 24.91994, 7, True, 0
1026, directionalNoAccel, LeftCurve, 249.18, -14.55998, 0.04999995, 24.91994, 7, True, 0
1027, directionalNoAccel, LeftCurve, 249.2, -14.62998, 0.04999995, 24.91994, 7, True, 0
1028, directionalNoAccel, LeftCurve, 249.22, -14.69998, 0.04999995, 24.91994, 7, True, 0
1029, directionalNoAccel, LeftCurve, 249.24, -14.76998, 0.04999995, 24.91994, 7, True, 0
1030, directionalNoAccel, LeftCurve, 249.26, -14.83998, 0.04999995, 24.91994, 7, True, 0
1031, directionalNoAccel, LeftCurve, 249.28, -14.90998, 0.04999995, 24.91994, 7, True, 0
1032, directionalNoAccel, LeftCurve, 249.3, -14.97998, 0.04999995, 24.91994, 7, True, 0
1033, directionalNoAccel, LeftCurve, 249.32, -15.04998, 0.04999995, 24.91994, 7, True, 0
1034, directionalNoAccel, LeftCurve, 249.34, -15.11998, 0.04999995, 24.91994, 7, True, 0
1035, directionalNoAccel, LeftCurve, 249.36, -15.18998, 0.04999995, 24.91994, 7, True, 0
1036, directionalNoAccel, LeftCurve, 249.38, -15.25998, 0.04999995, 24.91994, 7, True, 0
1037, directionalNoAccel, LeftCurve, 249.4, -15.32998, 0.04999995, 24.91994, 7, True, 0
1038, directionalNoAccel, LeftCurve, 249.42, -15.39998, 0.04999995, 24.91994, 7, True, 0
1039, directionalNoAccel, LeftCurve, 249.44, -15.46998, 0.04999995, 24.91994, 7, True, 0
1040, directionalNoAccel, LeftCurve, 249.46, -15.53998, 0.04999995, 24.91994, 7, True, 0
1041, directionalNoAccel, LeftCurve, 249.48, -15.60998, 0.04999995, 24.91994, 7, True, 0
1042, directionalNoAccel, LeftCurve, 249.5, -15.67998, 0.04999995, 24.91994, 7, True, 0
1043, directionalNoAccel, LeftCurve, 249.52, -15.74998, 0.04999995, 24.91994, 7, True, 0
1044, directionalNoAccel, LeftCurve, 249.54, -15.81998, 0.04999995, 24.91994, 7, True, 0
1045, directionalNoAccel, LeftCurve, 249.56, -15.88998, 0.04999995, 24.91994, 7, True, 0
1046, directionalNoAccel, LeftCurve, 249.58, -15.95998, 0.04999995, 24.91994, 7, True, 0
1047, directionalNoAccel, LeftCurve, 249.6, -16.02998, 0.04999995, 24.91994, 7, True, 0
1048, directionalNoAccel, LeftCurve, 249.62, -16.09998, 0.04999995, 24.91994, 7, True, 0
1049, directionalNoAccel, LeftCurve, 249.64, -16.16998, 0.04999995, 24.91994, 7, True, 0
1050, directionalNoAccel, LeftCurve, 249.66, -16.23998, 0.04999995, 24.91994, 7, True, 0
1051, directionalNoAccel, LeftCurve, 249.68, -16.30998, 0.04999995, 24.91994, 7, True, 0
1052, directionalNoAccel, LeftCurve, 249.7, -16.37998, 0.04999995, 24.91994, 7, True, 0
1053, directionalNoAccel, LeftCurve, 249.72, -16.44998, 0.04999995, 24.91994, 7, True, 0
1054, directionalNoAccel, LeftCurve, 249.74, -16.44998, 0.04999995, 24.91994, 7, False, 0
1055, directionalNoAccel, LeftCurve, 249.76, -16.44998, 0.04999995, 24.91994, 7, False, 0
1056, directionalNoAccel, LeftCurve, 249.78, -16.44998, 0.04999995, 24.91994, 7, False, 0
1057, directionalNoAccel, LeftCurve, 249.8, -16.44998, 0.04999995, 24.91994, 7, False, 0
1058, directionalNoAccel, LeftCurve, 249.82, -16.44998, 0.04999995, 24.91994, 7, False, 0
1059, directionalNoAccel, LeftCurve, 249.84, -16.44998, 0.04999995, 24.91994, 7, False, 0
1060, directionalNoAccel, LeftCurve, 249.86, -16.44998, 0.04999995, 24.91994, 7, False, 0
1061, directionalNoAccel, LeftCurve, 249.88, -16.44998, 0.04999995, 24.91994, 7, False, 0
1062, directionalNoAccel, LeftCurve, 249.9, -16.44998, 0.04999995, 24.91994, 7, False, 0
1063, directionalNoAccel, LeftCurve, 249.92, -16.51998, 0.04999995, 24.91994, 7, True, 0
1064, directionalNoAccel, LeftCurve, 249.94, -16.58998, 0.04999995, 24.91994, 7, True, 0
1065, directionalNoAccel, LeftCurve, 249.96, -16.65998, 0.04999995, 24.91994, 7, True, 0
1066, directionalNoAccel, LeftCurve, 249.98, -16.72997, 0.04999995, 24.91994, 8, True, 0
1067, directionalNoAccel, LeftCurve, 250, -16.79997, 0.04999995, 24.91994, 8, True, 0
1068, directionalNoAccel, LeftCurve, 250.02, -16.86997, 0.04999995, 24.91994, 8, True, 0
1069, directionalNoAccel, LeftCurve, 250.04, -16.93997, 0.04999995, 24.91994, 8, True, 0
1070, directionalNoAccel, LeftCurve, 250.06, -17.00997, 0.04999995, 24.91994, 8, True, 0
1071, directionalNoAccel, LeftCurve, 250.08, -17.00997, 0.04999995, 24.91994, 8, True, 0
1072, directionalNoAccel, LeftCurve, 250.1, -17.00997, 0.04999995, 24.91994, 8, True, 0
1073, directionalNoAccel, LeftCurve, 250.12, -17.00997, 0.04999995, 24.91994, 8, True, 0
1074, directionalNoAccel, LeftCurve, 250.14, -17.00997, 0.04999995, 24.91994, 8, True, 0
1075, directionalNoAccel, LeftCurve, 250.16, -17.00997, 0.04999995, 24.91994, 8, True, 0
1076, directionalNoAccel, LeftCurve, 250.18, -17.00997, 0.04999995, 24.91994, 8, True, 0
1077, directionalNoAccel, LeftCurve, 250.2, -17.00997, 0.04999995, 24.91994, 8, True, 0
1078, directionalNoAccel, LeftCurve, 250.22, -17.00997, 0.04999995, 24.91994, 8, True, 0
1079, directionalNoAccel, LeftCurve, 250.24, -17.00997, 0.04999995, 24.98993, 8, True, 0
1080, directionalNoAccel, LeftCurve, 250.26, -17.00997, 0.04999995, 25.05993, 8, True, 0
1081, directionalNoAccel, LeftCurve, 250.28, -17.00997, 0.04999995, 25.12993, 8, True, 0
1082, directionalNoAccel, LeftCurve, 250.3, -17.00997, 0.04999995, 25.19993, 8, True, 0
1083, directionalNoAccel, LeftCurve, 250.32, -17.00997, 0.04999995, 25.26993, 8, True, 0
1084, directionalNoAccel, LeftCurve, 250.34, -17.00997, 0.04999995, 25.33993, 8, True, 0
1085, directionalNoAccel, LeftCurve, 250.36, -17.00997, 0.04999995, 25.40993, 8, True, 0
1086, directionalNoAccel, LeftCurve, 250.38, -17.00997, 0.04999995, 25.47993, 8, True, 0
1087, directionalNoAccel, LeftCurve, 250.4, -17.00997, 0.04999995, 25.54993, 8, True, 0
1088, directionalNoAccel, LeftCurve, 250.42, -17.00997, 0.04999995, 25.61993, 8, True, 0
1089, directionalNoAccel, LeftCurve, 250.44, -17.00997, 0.04999995, 25.68993, 8, True, 0
1090, directionalNoAccel, LeftCurve, 250.46, -17.00997, 0.04999995, 25.75993, 8, True, 0
1091, directionalNoAccel, LeftCurve, 250.48, -17.00997, 0.04999995, 25.82993, 8, True, 0
1092, directionalNoAccel, LeftCurve, 250.5, -17.00997, 0.04999995, 25.89993, 8, True, 0
1093, directionalNoAccel, LeftCurve, 250.52, -17.00997, 0.04999995, 25.96993, 8, True, 0
1094, directionalNoAccel, LeftCurve, 250.54, -17.00997, 0.04999995, 26.03993, 8, True, 0
1095, directionalNoAccel, LeftCurve, 250.56, -17.00997, 0.04999995, 26.10993, 8, True, 0
1096, directionalNoAccel, LeftCurve, 250.58, -17.00997, 0.04999995, 26.17993, 8, True, 0
1097, directionalNoAccel, LeftCurve, 250.6, -17.00997, 0.04999995, 26.24993, 8, True, 0
1098, directionalNoAccel, LeftCurve, 250.62, -17.00997, 0.04999995, 26.31993, 8, True, 0
1099, directionalNoAccel, LeftCurve, 250.64, -17.00997, 0.04999995, 26.38993, 8, True, 0
1100, directionalNoAccel, LeftCurve, 250.66, -17.00997, 0.04999995, 26.45993, 8, True, 0
1101, directionalNoAccel, LeftCurve, 250.68, -17.00997, 0.04999995, 26.45993, 8, False, 0
1102, directionalNoAccel, LeftCurve, 250.7, -17.00997, 0.04999995, 26.45993, 8, False, 0
1103, directionalNoAccel, LeftCurve, 250.72, -17.00997, 0.04999995, 26.45993, 8, False, 0
1104, directionalNoAccel, LeftCurve, 250.74, -17.00997, 0.04999995, 26.45993, 8, False, 0
1105, directionalNoAccel, LeftCurve, 250.76, -17.00997, 0.04999995, 26.45993, 8, False, 0
1106, directionalNoAccel, LeftCurve, 250.78, -17.00997, 0.04999995, 26.45993, 8, False, 0
1107, directionalNoAccel, LeftCurve, 250.8, -17.00997, 0.04999995, 26.52993, 8, True, 0
1108, directionalNoAccel, LeftCurve, 250.82, -17.00997, 0.04999995, 26.59993, 8, True, 0
1109, directionalNoAccel, LeftCurve, 250.84, -17.00997, 0.04999995, 26.66993, 8, True, 0
1110, directionalNoAccel, LeftCurve, 250.86, -17.00997, 0.04999995, 26.73993, 8, True, 0
1111, directionalNoAccel, LeftCurve, 250.88, -17.00997, 0.04999995, 26.80993, 8, True, 0
1112, directionalNoAccel, LeftCurve, 250.9, -17.00997, 0.04999995, 26.87993, 8, True, 0
1113, directionalNoAccel, LeftCurve, 250.92, -17.00997, 0.04999995, 26.94993, 8, True, 0
1114, directionalNoAccel, LeftCurve, 250.94, -17.00997, 0.04999995, 27.01993, 8, True, 0
1115, directionalNoAccel, LeftCurve, 250.96, -17.00997, 0.04999995, 27.08993, 8, True, 0
1116, directionalNoAccel, LeftCurve, 250.98, -17.00997, 0.04999995, 27.15993, 8, True, 0
1117, directionalNoAccel, LeftCurve, 251, -17.00997, 0.04999995, 27.22993, 8, True, 0
1118, directionalNoAccel, LeftCurve, 251.02, -17.00997, 0.04999995, 27.29992, 8, True, 0
1119, directionalNoAccel, LeftCurve, 251.04, -17.00997, 0.04999995, 27.36992, 8, True, 0
1120, directionalNoAccel, LeftCurve, 251.06, -17.00997, 0.04999995, 27.43992, 8, True, 0
1121, directionalNoAccel, LeftCurve, 251.08, -17.00997, 0.04999995, 27.50992, 8, True, 0
1122, directionalNoAccel, LeftCurve, 251.1, -17.00997, 0.04999995, 27.57992, 8, True, 0
1123, directionalNoAccel, LeftCurve, 251.12, -17.00997, 0.04999995, 27.64992, 8, True, 0
1124, directionalNoAccel, LeftCurve, 251.14, -17.00997, 0.04999995, 27.71992, 8, True, 0
1125, directionalNoAccel, LeftCurve, 251.16, -17.00997, 0.04999995, 27.78992, 8, True, 0
1126, directionalNoAccel, LeftCurve, 251.18, -17.00997, 0.04999995, 27.85992, 8, True, 0
1127, directionalNoAccel, LeftCurve, 251.2, -17.00997, 0.04999995, 27.92992, 8, True, 0
1128, directionalNoAccel, LeftCurve, 251.22, -17.00997, 0.04999995, 27.99992, 8, True, 0
1129, directionalNoAccel, LeftCurve, 251.24, -17.00997, 0.04999995, 28.06992, 8, True, 0
1130, directionalNoAccel, LeftCurve, 251.26, -17.00997, 0.04999995, 28.13992, 8, True, 0
1131, directionalNoAccel, LeftCurve, 251.28, -17.00997, 0.04999995, 28.20992, 8, True, 0
1132, directionalNoAccel, LeftCurve, 251.3, -17.00997, 0.04999995, 28.27992, 8, True, 0
1133, directionalNoAccel, LeftCurve, 251.32, -17.00997, 0.04999995, 28.34992, 8, True, 0
1134, directionalNoAccel, LeftCurve, 251.34, -17.00997, 0.04999995, 28.41992, 8, True, 0
1135, directionalNoAccel, LeftCurve, 251.36, -17.00997, 0.04999995, 28.48992, 8, True, 0
1136, directionalNoAccel, LeftCurve, 251.38, -17.00997, 0.04999995, 28.48992, 8, False, 0
1137, directionalNoAccel, LeftCurve, 251.4, -17.00997, 0.04999995, 28.48992, 8, False, 0
1138, directionalNoAccel, LeftCurve, 251.42, -17.00997, 0.04999995, 28.48992, 8, False, 0
1139, directionalNoAccel, LeftCurve, 251.44, -17.00997, 0.04999995, 28.48992, 8, False, 0
1140, directionalNoAccel, LeftCurve, 251.46, -17.00997, 0.04999995, 28.48992, 8, False, 0
1141, directionalNoAccel, LeftCurve, 251.48, -17.00997, 0.04999995, 28.48992, 8, False, 0
1142, directionalNoAccel, LeftCurve, 251.5, -17.00997, 0.04999995, 28.48992, 8, False, 0
1143, directionalNoAccel, LeftCurve, 251.52, -17.00997, 0.04999995, 28.48992, 8, False, 0
1144, directionalNoAccel, LeftCurve, 251.54, -17.00997, 0.04999995, 28.48992, 8, False, 0
1145, directionalNoAccel, LeftCurve, 251.56, -17.00997, 0.04999995, 28.48992, 8, False, 0
1146, directionalNoAccel, LeftCurve, 251.58, -17.00997, 0.04999995, 28.48992, 8, False, 0
1147, directionalNoAccel, LeftCurve, 251.6, -17.00997, 0.04999995, 28.48992, 8, False, 0
1148, directionalNoAccel, LeftCurve, 251.62, -17.00997, 0.04999995, 28.48992, 8, False, 0
1149, directionalNoAccel, LeftCurve, 251.64, -17.00997, 0.04999995, 28.48992, 8, False, 0
1150, directionalNoAccel, LeftCurve, 251.66, -17.00997, 0.04999995, 28.48992, 8, False, 0
1151, directionalNoAccel, LeftCurve, 251.68, -17.00997, 0.04999995, 28.48992, 8, False, 0
1152, directionalNoAccel, LeftCurve, 251.7, -17.00997, 0.04999995, 28.48992, 8, False, 0
1153, directionalNoAccel, LeftCurve, 251.72, -17.00997, 0.04999995, 28.48992, 8, False, 0
1154, directionalNoAccel, LeftCurve, 251.74, -17.00997, 0.04999995, 28.48992, 8, False, 0
1155, directionalNoAccel, LeftCurve, 251.76, -17.00997, 0.04999995, 28.48992, 8, False, 0
1156, directionalNoAccel, LeftCurve, 251.78, -17.00997, 0.04999995, 28.55992, 8, True, 0
1157, directionalNoAccel, LeftCurve, 251.8, -17.00997, 0.04999995, 28.62992, 8, True, 0
1158, directionalNoAccel, LeftCurve, 251.82, -17.00997, 0.04999995, 28.69992, 8, True, 0
1159, directionalNoAccel, LeftCurve, 251.84, -17.00997, 0.04999995, 28.76992, 8, True, 0
1160, directionalNoAccel, LeftCurve, 251.86, -17.00997, 0.04999995, 28.83992, 8, True, 0
1161, directionalNoAccel, LeftCurve, 251.88, -17.00997, 0.04999995, 28.90992, 8, True, 0
1162, directionalNoAccel, LeftCurve, 251.9, -17.00997, 0.04999995, 28.97992, 8, True, 0
1163, directionalNoAccel, LeftCurve, 251.92, -17.00997, 0.04999995, 29.04992, 8, True, 0
1164, directionalNoAccel, LeftCurve, 251.94, -17.00997, 0.04999995, 29.11992, 8, True, 0
1165, directionalNoAccel, LeftCurve, 251.96, -17.00997, 0.04999995, 29.18992, 8, True, 0
1166, directionalNoAccel, LeftCurve, 251.98, -17.00997, 0.04999995, 29.25992, 8, True, 0
1167, directionalNoAccel, LeftCurve, 252, -17.00997, 0.04999995, 29.32992, 8, True, 0
1168, directionalNoAccel, LeftCurve, 252.02, -17.00997, 0.04999995, 29.39992, 8, True, 0
1169, directionalNoAccel, LeftCurve, 252.04, -17.00997, 0.04999995, 29.46992, 8, True, 0
1170, directionalNoAccel, LeftCurve, 252.06, -17.00997, 0.04999995, 29.53992, 8, True, 0
1171, directionalNoAccel, LeftCurve, 252.08, -17.00997, 0.04999995, 29.60991, 8, True, 0
1172, directionalNoAccel, LeftCurve, 252.1, -17.07997, 0.04999995, 29.67991, 8, True, 0
1173, directionalNoAccel, LeftCurve, 252.12, -17.07997, 0.04999995, 29.67991, 8, False, 0
1174, directionalNoAccel, LeftCurve, 252.14, -17.07997, 0.04999995, 29.67991, 8, False, 0
1175, directionalNoAccel, LeftCurve, 252.16, -17.07997, 0.04999995, 29.67991, 8, False, 0
1176, directionalNoAccel, LeftCurve, 252.18, -17.07997, 0.04999995, 29.67991, 8, False, 0
1177, directionalNoAccel, LeftCurve, 252.2, -17.07997, 0.04999995, 29.67991, 8, False, 0
1178, directionalNoAccel, LeftCurve, 252.22, -17.07997, 0.04999995, 29.67991, 8, False, 0
1179, directionalNoAccel, LeftCurve, 252.24, -17.07997, 0.04999995, 29.67991, 8, False, 0
1180, directionalNoAccel, LeftCurve, 252.26, -17.07997, 0.04999995, 29.67991, 8, False, 0
1181, directionalNoAccel, LeftCurve, 252.28, -17.07997, 0.04999995, 29.67991, 8, False, 0
1182, directionalNoAccel, LeftCurve, 252.3, -17.07997, 0.04999995, 29.67991, 8, False, 0
1183, directionalNoAccel, LeftCurve, 252.32, -17.07997, 0.04999995, 29.67991, 8, False, 0
1184, directionalNoAccel, LeftCurve, 252.34, -17.07997, 0.04999995, 29.67991, 8, False, 0
1185, directionalNoAccel, LeftCurve, 252.36, -17.07997, 0.04999995, 29.67991, 8, False, 0
1186, directionalNoAccel, LeftCurve, 252.38, -17.07997, 0.04999995, 29.67991, 8, False, 0
1187, directionalNoAccel, LeftCurve, 252.4, -17.07997, 0.04999995, 29.67991, 8, False, 0
1188, directionalNoAccel, LeftCurve, 252.42, -17.07997, 0.04999995, 29.67991, 8, False, 0
1189, directionalNoAccel, LeftCurve, 252.44, -17.07997, 0.04999995, 29.67991, 8, False, 0
1190, directionalNoAccel, LeftCurve, 252.46, -17.07997, 0.04999995, 29.67991, 8, False, 0
1191, directionalNoAccel, LeftCurve, 252.48, -17.07997, 0.04999995, 29.67991, 8, False, 0
1192, directionalNoAccel, LeftCurve, 252.5, -17.07997, 0.04999995, 29.67991, 8, False, 0
1193, directionalNoAccel, LeftCurve, 252.52, -17.07997, 0.04999995, 29.67991, 8, False, 0
1194, directionalNoAccel, LeftCurve, 252.54, -17.07997, 0.04999995, 29.67991, 8, False, 0
1195, directionalNoAccel, LeftCurve, 252.56, -17.07997, 0.04999995, 29.67991, 8, False, 0
1196, directionalNoAccel, LeftCurve, 252.58, -17.07997, 0.04999995, 29.67991, 8, False, 0
1197, directionalNoAccel, LeftCurve, 252.6, -17.14997, 0.04999995, 29.67991, 8, True, 0
1198, directionalNoAccel, LeftCurve, 252.62, -17.21997, 0.04999995, 29.67991, 8, True, 0
1199, directionalNoAccel, LeftCurve, 252.64, -17.28997, 0.04999995, 29.67991, 8, True, 0
1200, directionalNoAccel, LeftCurve, 252.66, -17.35997, 0.04999995, 29.67991, 8, True, 0
1201, directionalNoAccel, LeftCurve, 252.68, -17.42997, 0.04999995, 29.67991, 8, True, 0
1202, directionalNoAccel, LeftCurve, 252.7, -17.49997, 0.04999995, 29.67991, 8, True, 0
1203, directionalNoAccel, LeftCurve, 252.72, -17.56997, 0.04999995, 29.67991, 8, True, 0
1204, directionalNoAccel, LeftCurve, 252.74, -17.63997, 0.04999995, 29.67991, 8, True, 0
1205, directionalNoAccel, LeftCurve, 252.76, -17.70997, 0.04999995, 29.67991, 8, True, 0
1206, directionalNoAccel, LeftCurve, 252.78, -17.77997, 0.04999995, 29.67991, 8, True, 0
1207, directionalNoAccel, LeftCurve, 252.8, -17.84997, 0.04999995, 29.67991, 8, True, 0
1208, directionalNoAccel, LeftCurve, 252.82, -17.91997, 0.04999995, 29.67991, 8, True, 0
1209, directionalNoAccel, LeftCurve, 252.84, -17.98997, 0.04999995, 29.67991, 8, True, 0
1210, directionalNoAccel, LeftCurve, 252.86, -18.05997, 0.04999995, 29.67991, 8, True, 0
1211, directionalNoAccel, LeftCurve, 252.88, -18.12997, 0.04999995, 29.67991, 8, True, 0
1212, directionalNoAccel, LeftCurve, 252.9, -18.19997, 0.04999995, 29.67991, 8, True, 0
1213, directionalNoAccel, LeftCurve, 252.92, -18.26997, 0.04999995, 29.67991, 8, True, 0
1214, directionalNoAccel, LeftCurve, 252.94, -18.33997, 0.04999995, 29.67991, 8, True, 0
1215, directionalNoAccel, LeftCurve, 252.96, -18.40997, 0.04999995, 29.67991, 8, True, 0
1216, directionalNoAccel, LeftCurve, 252.98, -18.47997, 0.04999995, 29.67991, 8, True, 0
1217, directionalNoAccel, LeftCurve, 253, -18.54997, 0.04999995, 29.67991, 8, True, 0
1218, directionalNoAccel, LeftCurve, 253.02, -18.61997, 0.04999995, 29.67991, 8, True, 0
1219, directionalNoAccel, LeftCurve, 253.04, -18.68997, 0.04999995, 29.67991, 8, True, 0
1220, directionalNoAccel, LeftCurve, 253.06, -18.75997, 0.04999995, 29.67991, 8, True, 0
1221, directionalNoAccel, LeftCurve, 253.08, -18.82997, 0.04999995, 29.67991, 8, True, 0
1222, directionalNoAccel, LeftCurve, 253.1, -18.89997, 0.04999995, 29.67991, 8, True, 0
1223, directionalNoAccel, LeftCurve, 253.12, -18.96996, 0.04999995, 29.67991, 8, True, 0
1224, directionalNoAccel, LeftCurve, 253.14, -19.03996, 0.04999995, 29.67991, 8, True, 0
1225, directionalNoAccel, LeftCurve, 253.16, -19.10996, 0.04999995, 29.67991, 8, True, 0
1226, directionalNoAccel, LeftCurve, 253.18, -19.17996, 0.04999995, 29.67991, 8, True, 0
1227, directionalNoAccel, LeftCurve, 253.2, -19.24996, 0.04999995, 29.67991, 8, True, 0
1228, directionalNoAccel, LeftCurve, 253.22, -19.31996, 0.04999995, 29.67991, 9, True, 0
1229, directionalNoAccel, LeftCurve, 253.24, -19.38996, 0.04999995, 29.67991, 9, True, 0
1230, directionalNoAccel, LeftCurve, 253.26, -19.45996, 0.04999995, 29.67991, 9, True, 0
1231, directionalNoAccel, LeftCurve, 253.28, -19.52996, 0.04999995, 29.67991, 9, True, 0
1232, directionalNoAccel, LeftCurve, 253.3, -19.59996, 0.04999995, 29.67991, 9, True, 0
1233, directionalNoAccel, LeftCurve, 253.32, -19.66996, 0.04999995, 29.67991, 9, True, 0
1234, directionalNoAccel, LeftCurve, 253.34, -19.73996, 0.04999995, 29.67991, 9, True, 0
1235, directionalNoAccel, LeftCurve, 253.36, -19.80996, 0.04999995, 29.67991, 9, True, 0
1236, directionalNoAccel, LeftCurve, 253.38, -19.87996, 0.04999995, 29.67991, 9, True, 0
1237, directionalNoAccel, LeftCurve, 253.4, -19.94996, 0.04999995, 29.67991, 9, True, 0
1238, directionalNoAccel, LeftCurve, 253.42, -20.01996, 0.04999995, 29.67991, 9, True, 0
1239, directionalNoAccel, LeftCurve, 253.44, -20.08996, 0.04999995, 29.67991, 9, True, 0
1240, directionalNoAccel, LeftCurve, 253.46, -20.15996, 0.04999995, 29.67991, 9, True, 0
1241, directionalNoAccel, LeftCurve, 253.48, -20.22996, 0.04999995, 29.67991, 9, True, 0
1242, directionalNoAccel, LeftCurve, 253.5, -20.29996, 0.04999995, 29.67991, 9, True, 0
1243, directionalNoAccel, LeftCurve, 253.52, -20.36996, 0.04999995, 29.67991, 9, True, 0
1244, directionalNoAccel, LeftCurve, 253.54, -20.43996, 0.04999995, 29.67991, 9, True, 0
1245, directionalNoAccel, LeftCurve, 253.56, -20.50996, 0.04999995, 29.67991, 9, True, 0
1246, directionalNoAccel, LeftCurve, 253.58, -20.57996, 0.04999995, 29.67991, 9, True, 0
1247, directionalNoAccel, LeftCurve, 253.6, -20.64996, 0.04999995, 29.67991, 9, True, 0
1248, directionalNoAccel, LeftCurve, 253.62, -20.71996, 0.04999995, 29.67991, 9, True, 0
1249, directionalNoAccel, LeftCurve, 253.64, -20.78996, 0.04999995, 29.67991, 9, True, 0
1250, directionalNoAccel, LeftCurve, 253.66, -20.85996, 0.04999995, 29.67991, 9, True, 0
1251, directionalNoAccel, LeftCurve, 253.68, -20.92996, 0.04999995, 29.67991, 9, True, 0
1252, directionalNoAccel, LeftCurve, 253.7, -20.99996, 0.04999995, 29.67991, 9, True, 0
1253, directionalNoAccel, LeftCurve, 253.72, -21.06996, 0.04999995, 29.67991, 9, True, 0
1254, directionalNoAccel, LeftCurve, 253.74, -21.13996, 0.04999995, 29.67991, 9, True, 0
1255, directionalNoAccel, LeftCurve, 253.76, -21.20996, 0.04999995, 29.67991, 9, True, 0
1256, directionalNoAccel, LeftCurve, 253.78, -21.27995, 0.04999995, 29.67991, 9, True, 0
1257, directionalNoAccel, LeftCurve, 253.8, -21.34995, 0.04999995, 29.67991, 9, True, 0
1258, directionalNoAccel, LeftCurve, 253.82, -21.41995, 0.04999995, 29.67991, 9, True, 0
1259, directionalNoAccel, LeftCurve, 253.84, -21.48995, 0.04999995, 29.67991, 9, True, 0
1260, directionalNoAccel, LeftCurve, 253.86, -21.55995, 0.04999995, 29.67991, 9, True, 0
1261, directionalNoAccel, LeftCurve, 253.88, -21.62995, 0.04999995, 29.67991, 9, True, 0
1262, directionalNoAccel, LeftCurve, 253.9, -21.69995, 0.04999995, 29.67991, 9, True, 0
1263, directionalNoAccel, LeftCurve, 253.92, -21.76995, 0.04999995, 29.67991, 9, True, 0
1264, directionalNoAccel, LeftCurve, 253.94, -21.83995, 0.04999995, 29.67991, 9, True, 0
1265, directionalNoAccel, LeftCurve, 253.96, -21.90995, 0.04999995, 29.67991, 9, True, 0
1266, directionalNoAccel, LeftCurve, 253.98, -21.97995, 0.04999995, 29.67991, 9, True, 0
1267, directionalNoAccel, LeftCurve, 254, -22.04995, 0.04999995, 29.67991, 9, True, 0
1268, directionalNoAccel, LeftCurve, 254.02, -22.11995, 0.04999995, 29.67991, 9, True, 0
1269, directionalNoAccel, LeftCurve, 254.04, -22.18995, 0.04999995, 29.67991, 9, True, 0
1270, directionalNoAccel, LeftCurve, 254.06, -22.25995, 0.04999995, 29.67991, 9, True, 0
1271, directionalNoAccel, LeftCurve, 254.08, -22.32995, 0.04999995, 29.67991, 9, True, 0
1272, directionalNoAccel, LeftCurve, 254.1, -22.39995, 0.04999995, 29.67991, 9, True, 0
1273, directionalNoAccel, LeftCurve, 254.12, -22.46995, 0.04999995, 29.67991, 9, True, 0
1274, directionalNoAccel, LeftCurve, 254.14, -22.53995, 0.04999995, 29.67991, 9, True, 0
1275, directionalNoAccel, LeftCurve, 254.16, -22.60995, 0.04999995, 29.67991, 9, True, 0
1276, directionalNoAccel, LeftCurve, 254.18, -22.67995, 0.04999995, 29.67991, 9, True, 0
1277, directionalNoAccel, LeftCurve, 254.2, -22.74995, 0.04999995, 29.67991, 9, True, 0
1278, directionalNoAccel, LeftCurve, 254.22, -22.81995, 0.04999995, 29.67991, 9, True, 0
1279, directionalNoAccel, LeftCurve, 254.24, -22.88995, 0.04999995, 29.67991, 9, True, 0
1280, directionalNoAccel, LeftCurve, 254.26, -22.95995, 0.04999995, 29.67991, 9, True, 0
1281, directionalNoAccel, LeftCurve, 254.28, -23.02995, 0.04999995, 29.67991, 9, True, 0
1282, directionalNoAccel, LeftCurve, 254.3, -23.09995, 0.04999995, 29.67991, 9, True, 0
1283, directionalNoAccel, LeftCurve, 254.32, -23.16995, 0.04999995, 29.67991, 9, True, 0
1284, directionalNoAccel, LeftCurve, 254.34, -23.23995, 0.04999995, 29.67991, 9, True, 0
1285, directionalNoAccel, LeftCurve, 254.36, -23.30995, 0.04999995, 29.67991, 9, True, 0
1286, directionalNoAccel, LeftCurve, 254.38, -23.37995, 0.04999995, 29.67991, 9, True, 0
1287, directionalNoAccel, LeftCurve, 254.4, -23.44995, 0.04999995, 29.67991, 9, True, 0
1288, directionalNoAccel, LeftCurve, 254.42, -23.51995, 0.04999995, 29.67991, 9, True, 0
1289, directionalNoAccel, LeftCurve, 254.44, -23.58994, 0.04999995, 29.67991, 9, True, 0
1290, directionalNoAccel, LeftCurve, 254.46, -23.65994, 0.04999995, 29.67991, 9, True, 0
1291, directionalNoAccel, LeftCurve, 254.48, -23.72994, 0.04999995, 29.67991, 9, True, 0
1292, directionalNoAccel, LeftCurve, 254.5, -23.79994, 0.04999995, 29.67991, 9, True, 0
1293, directionalNoAccel, LeftCurve, 254.52, -23.86994, 0.04999995, 29.67991, 9, True, 0
1294, directionalNoAccel, LeftCurve, 254.54, -23.93994, 0.04999995, 29.67991, 9, True, 0
1295, directionalNoAccel, LeftCurve, 254.56, -24.00994, 0.04999995, 29.67991, 9, True, 0
1296, directionalNoAccel, LeftCurve, 254.58, -24.07994, 0.04999995, 29.67991, 9, True, 0
1297, directionalNoAccel, LeftCurve, 254.6, -24.14994, 0.04999995, 29.67991, 10, True, 0
